1.75910401344
52.1973440647
2.63494706154
59.3496539593
55.1641159058
53.4872820377
54.2227311134
55.3181459904
56.5739440918
56.1993739605
57.2297270298
55.8756630421
54.6528530121
58.028181076
54.2947621346
53.434762001
53.180437088
59.6419758797
54.8670449257
55.1879651546
0.678394794464
54.8247258663
0.988456964493
57.017770052
55.5957939625
52.6745491028
56.8920772076
56.8671638966
52.2371220589
53.7811589241
55.0273661613
0.554620027542
52.9197919369
59.7390489578
54.1624639034
58.0333168507
53.7055690289
53.8355491161
54.6486909389
56.6192359924
56.12292099
59.0639369488
54.1480250359
52.113740921
56.9471678734
55.5680649281
55.7068910599
52.9927470684
53.9826278687
1.36129713058
1.74844908714
56.3410160542
57.5192329884
52.6632180214
58.2226858139
51.9429659843
50.9126958847
56.6337680817
51.5690209866
54.2869489193
53.430366993
57.7503011227
54.652823925
54.6249258518
58.271476984
57.9766359329
3.9899661541
0.606756925583
58.3233821392
52.5150511265
54.6079339981
55.4768130779
53.1394431591
54.3860750198
54.379761219
53.0813810825
53.7138390541
2.63406896591
56.6393890381
0.903957128525
53.3638849258
57.1911551952
55.0047221184
1.37064409256
53.8782579899
56.2453610897
58.1729729176
54.5549900532
54.8202259541
52.3381772041
53.5819869041
51.8808009624
51.9735529423
2.61813807487
56.2747180462
53.6821191311
1.21988797188
54.4573538303
53.1735999584
0.699320077896
57.9643309116
53.5140280724
52.1620640755
53.5427088737
1.08827900887
57.0163178444
1.30829787254
60.4194629192
1.25994420052
52.6749839783
56.4406509399
0.901818037033
51.777700901
54.0596158504
57.3951468468
53.7171268463
1.31519198418
0.698292016983
54.3601279259
58.6175091267
54.6004509926
58.137748003
57.580988884
55.7003951073
55.1591849327
55.6363060474
54.1172549725
56.3170640469
1.06618309021
51.382144928
53.326581955
55.9562489986
58.5484650135
55.3381898403
55.3126778603
57.7150058746
54.2051007748
51.96402812
54.0410921574
53.051117897
58.9624919891
52.5186460018
56.238973856
56.476473093
63.780714035
56.5838148594
53.0876741409
52.6259970665
55.5571229458
55.8939828873
57.6209030151
54.8360829353
54.9237320423
53.2253029346
5.56844902039
0.55730009079
54.1222980022
55.6874427795
51.9960200787
55.5034570694
55.315128088
53.560890913
53.0467190742
0.714943885803
54.7777791023
58.3326120377
52.544839859
56.3252031803
51.4920489788
55.3194391727
64.635917902
54.5655200481
55.1020419598
53.0302269459
51.7369370461
66.1985490322
57.2891640663
54.5431599617
55.3298549652
54.5561888218
3.73813891411
1.0547440052
57.1925649643
53.4313118458
53.148651123
52.7662510872
0.791410923004
0.778775930405
53.6415698528
56.5042610168
56.3623781204
54.5847680569
57.6873729229
53.9076740742
55.3281190395
51.4676840305
5.91791200638
57.9082400799
52.1574318409
52.4405229092
57.7870111465
52.6141090393
59.7771918774
52.4762151241
55.4939899445
56.2756950855
0.69599199295
52.8713700771
54.2041978836
55.1492700577
54.6162080765
1.97544312477
1.20938491821
58.1879148483
1.38861513138
55.1333930492
59.961427927
57.3524589539
55.0438089371
53.7488348484
53.6583199501
56.7148809433
52.7166898251
55.9036841393
0.381369113922
54.0996351242
56.5169839859
55.489374876
56.3887810707
54.9614100456
53.4939630032
54.7411029339
56.4559650421
54.3563067913
54.3485279083
1.74387192726
52.848626852
55.2222220898
57.4076571465
55.4801650047
52.7776031494
55.3378679752
53.9869389534
53.4751200676
58.2422339916
3.7995300293
53.1753919125
54.8828678131
55.2969379425
59.0286860466
52.2758569717
1.40999102592
56.313158989
55.0524110794
55.9346821308
52.7365210056
2.81970596313
59.2079310417
53.8979501724
60.0853121281
55.7506160736
54.2937970161
56.4180951118
59.7703311443
53.0363810062
57.6071250439
54.4750351906
1.21357798576
56.6335880756
53.7639651299
57.0863640308
0.467792987823
2.62195611
52.9491479397
53.6636049747
53.6439127922
54.1741940975
1.85228610039
54.3009009361
54.2774720192
55.6187610626
55.2860569954
58.4414088726
1.82570385933
57.1332268715
0.668807983398
53.3060860634
51.3479270935
54.0649030209
56.2522759438
53.7222669125
51.9958651066
55.2779769897
58.4851770401
55.1633350849
55.4431610107
52.9556779861
58.7169048786
57.1202340126
53.1062259674
51.8141191006
54.0299320221
53.8537738323
1.15032696724
0.65788602829
58.4538969994
51.7450380325
60.6118450165
1.13179087639
57.7560100555
54.0611310005
53.8160719872
52.7398848534
54.5505139828
55.7764000893
53.1033759117
52.9590651989
3.21502780914
51.0741140842
60.5892100334
53.5506668091
53.007256031
56.7623260021
55.65685606
54.4142987728
5.36359715462
55.2882580757
4.31226205826
57.2150189877
54.7409341335
0.480572223663
56.3967399597
2.34139990807
54.6751720905
54.3438570499
55.8586778641
53.9297151566
58.3370540142
54.9114022255
54.9667921066
0.936310052872
58.320278883
55.996735096
54.6012887955
54.6875998974
54.3235738277
55.5210568905
53.0751259327
54.8548519611
56.857131958
53.0956919193
55.4894180298
52.8103330135
1.63786697388
53.3806328773
53.9524159431
54.6559188366
56.8208479881
56.3551778793
2.822879076
66.4501478672
56.8944649696
1.42018318176
62.694934845
56.5174238682
0.484064817429
57.351375103
1.76493287086
51.6114761829
58.6032819748
54.9380598068
58.5528960228
0.885176181793
59.169326067
55.6491639614
54.1254370213
58.8039250374
55.4846470356
1.37756204605
56.3225300312
61.0997989178
56.0210061073
56.7408130169
56.1030960083
53.3140029907
53.0986299515
57.1428458691
54.314825058
55.9290881157
49.6201632023
3.90088009834
55.0793700218
54.7650630474
56.4665791988
57.8933010101
1.33378505707
56.8725919724
55.8462839127
0.740067005157
55.1566829681
54.8043711185
55.4314768314
52.1966648102
52.1564559937
2.25108194351
52.3869521618
53.000672102
53.9026129246
55.3027291298
53.1757018566
1.40998387337
55.2332639694
53.962198019
53.0091199875
59.0530278683
3.12689185143
1.53419995308
54.2524130344
54.5082669258
58.2072989941
54.9024279118
56.6628551483
56.1657888889
54.4743790627
59.1249740124
55.5972690582
1.32519388199
1.4445848465
54.9183311462
54.8727388382
57.4994809628
52.0062608719
52.0896949768
55.2197971344
56.6924750805
53.4115350246
59.3563468456
55.0210449696
53.4684281349
53.9366669655
52.3474569321
1.26840305328
53.7833151817
63.9379692078
56.0194749832
52.1393561363
53.8477141857
55.2681450844
53.8433589935
53.8355760574
53.6486468315
56.232558012
53.6151950359
55.4596989155
59.2260890007
57.3620650768
53.1027131081
53.4280560017
58.595621109
55.8395588398
56.4375810623
51.4145848751
53.0533418655
52.2492260933
59.6019849777
52.9614210129
50.9864470959
53.4075717926
56.7714629173
51.8051431179
58.5393109322
55.5654320717
53.0074810982
1.85419201851
55.9602220058
58.1490318775
0.256007194519
57.2713499069
53.9032320976
59.602658987
52.538326025
56.0653018951
55.0615410805
57.9667100906
55.9777500629
56.7437779903
0.178625106812
54.6329610348
56.5868718624
54.0245468616
53.7806370258
1.63461089134
52.5673391819
0.225903987885
54.5097601414
52.2652320862
51.5967228413
53.6543390751
54.8287889957
50.5508401394
2.07955789566
0.978314876556
56.3915789127
1.07765412331
53.3987309933
54.6046888828
55.3029780388
58.2910659313
59.7482869625
0.199820041656
54.3290579319
58.498914957
56.0366849899
53.6213798523
53.2056920528
53.2557981014
1.52418613434
54.2366831303
2.61335086823
52.1866128445
55.5809910297
2.61675596237
52.8787779808
56.9581680298
54.2270820141
56.9069929123
54.081840992
55.0985040665
52.7434468269
55.9893460274
2.41199803352
52.7292068005
59.2784101963
55.8767161369
58.870265007
55.723596096
58.6034600735
59.6570940018
52.0764961243
54.4616641998
57.3737850189
58.2418889999
58.1825959682
0.320823907852
56.4153568745
53.5918159485
58.1241641045
57.1986088753
54.6834740639
52.9435169697
61.1955730915
54.2493720055
54.6357269287
56.7623550892
59.9614658356
54.2898659706
55.6067230701
58.8197209835
58.4167480469
1.48741602898
52.9731810093
59.6077580452
56.6894910336
52.3307271004
1.32144403458
52.8531899452
55.9004268646
59.3382608891
57.3605499268
57.2880649567
52.36383605
56.9538328648
52.9808390141
56.7833149433
51.3225328922
63.9646201134
57.9681100845
55.2065241337
55.3794140816
2.83722496033
56.5907828808
55.2154269218
56.1757979393
53.3072030544
53.8260629177
50.9713320732
50.4892599583
55.979238987
56.2644188404
53.5770118237
52.5841331482
52.6026170254
52.7467479706
52.2021040916
1.10349392891
57.4059782028
56.8541920185
55.1349339485
57.5682041645
51.65970397
54.9452800751
57.889662981
53.6713459492
55.5830020905
56.3088309765
54.3253347874
56.074352026
52.8536880016
51.5601909161
53.4898848534
53.8904411793
57.8044130802
54.3755319118
56.3766870499
55.2344901562
56.5753920078
53.7832438946
56.8073489666
53.6638791561
58.2973999977
52.2577080727
60.3434569836
55.5035820007
54.7697861195
56.069521904
53.2348151207
54.3590519428
2.66160202026
57.8728451729
58.3105340004
52.5618100166
59.5804381371
62.8399939537
1.0031580925
0.481060028076
53.2504310608
3.00873184204
54.478096962
54.3792550564
56.0255968571
54.1795840263
55.2650499344
54.2603571415
54.3878118992
56.1539480686
52.7192928791
56.9332509041
57.6953160763
60.8395969868
52.5434110165
54.7291059494
0.641472101212
0.511940956116
52.4887678623
52.1602420807
54.9960019588
53.4285349846
60.8754060268
54.7547130585
56.0383718014
2.36170005798
55.2244381905
56.9525828362
60.3104050159
58.5700490475
2.23730111122
53.4778871536
55.1828000546
59.9033279419
53.6673941612
56.5133180618
50.2543179989
55.093724966
53.7951850891
53.6999909878
57.4606671333
1.21887993813
53.3403129578
53.9243159294
58.7317688465
1.0977268219
53.6250669956
56.1292290688
61.9658579826
53.161303997
1.38111901283
54.523581028
1.09487295151
54.0114459991
52.9924919605
58.4255948067
56.7682080269
57.8049778938
61.1283998489
0.371479988098
54.31960392
1.06720399857
51.4139580727
51.640362978
53.1898150444
51.2818689346
54.8516061306
58.2510411739
55.3372681141
62.853689909
1.18406701088
60.1792981625
2.15376901627
54.6472671032
53.6299908161
58.1576840878
53.9841179848
1.21196603775
54.1044790745
54.1860990524
53.9045789242
1.23922896385
55.450576067
1.02337908745
61.8006181717
