0.243649959564
0.230965137482
0.101988077164
0.153158903122
0.0696308612823
0.585381984711
0.116539955139
0.0523428916931
0.0695190429688
0.147260904312
0.23029589653
0.0808651447296
0.150791883469
0.147254943848
0.198837041855
0.248414039612
0.125373840332
0.273167133331
1.05676198006
1.03990387917
0.110760211945
0.0967879295349
0.874782085419
0.114055871964
0.0630989074707
0.113795995712
0.44691491127
0.347039937973
0.196754932404
0.920617103577
0.120638132095
0.086492061615
0.328175067902
0.215022802353
0.142743825912
0.115185976028
0.111539840698
0.144939899445
0.565448045731
0.383549928665
0.136908054352
0.440253019333
0.0587091445923
0.14069890976
0.87663602829
0.414671897888
0.0554170608521
0.0565819740295
0.184685945511
0.925797939301
0.919130086899
0.0779550075531
0.0472450256348
0.0743081569672
0.0196809768677
0.197985887527
0.0861389636993
0.583685159683
0.0537621974945
0.0894649028778
0.0804390907288
0.0708920955658
0.122846841812
0.160768985748
0.109519958496
0.0855028629303
0.125690937042
0.0900599956512
0.0365970134735
0.930251121521
0.874680995941
0.299537181854
0.105439901352
0.0559139251709
0.0678381919861
0.376965045929
0.542104959488
0.193048000336
0.110774993896
0.0639798641205
0.194041013718
0.195279121399
0.195412158966
0.319200992584
0.11714887619
1.0471739769
0.197196006775
0.117209911346
0.0971441268921
0.218266010284
0.133515119553
0.171838998795
0.0464799404144
0.0413439273834
0.0609109401703
0.113224029541
0.171442985535
0.639106035233
0.342046976089
0.204593896866
1.13654994965
0.113620996475
1.08132195473
0.300285816193
0.734973907471
0.0391449928284
0.0793409347534
0.918553113937
0.159035921097
0.138774871826
0.0743958950043
0.216089963913
0.0922992229462
0.0852649211884
0.513364076614
0.103217840195
0.0820369720459
0.121994972229
0.158686876297
0.0820219516754
0.102857112885
0.0620679855347
0.200951814651
0.396264076233
0.0789878368378
1.64526391029
0.371366977692
0.108052015305
0.20227098465
0.0962610244751
1.30789709091
0.159193992615
0.146416187286
0.110256910324
0.118767976761
0.107925891876
0.546917915344
0.0559530258179
0.120166063309
0.0625510215759
0.330102920532
0.111653089523
0.0960378646851
0.134278059006
0.332325935364
0.0685088634491
0.103825807571
0.202973127365
0.0647702217102
0.357185125351
0.682287931442
0.0950911045074
0.0705411434174
0.114780902863
0.115164041519
0.0757360458374
0.131150007248
0.107006072998
0.137326955795
0.19255399704
0.0783109664917
0.125957012177
0.285925865173
0.191862821579
0.290970087051
0.0512361526489
0.0944120883942
0.109780073166
0.156014919281
0.19299697876
0.0717310905457
0.0637128353119
0.156790971756
0.187510967255
0.580103874207
0.0954689979553
0.0601627826691
0.223784923553
0.133952856064
0.111206054688
0.0800969600677
0.103610038757
0.0613579750061
0.153750181198
0.0569338798523
0.105425834656
1.10560202599
0.0616331100464
0.19476890564
0.0635221004486
0.186161994934
0.1380610466
0.116891145706
0.101948022842
0.116948843002
0.11727309227
0.120074033737
0.106305122375
0.0815479755402
0.238142967224
0.128721952438
0.0567779541016
0.0805189609528
0.130790948868
0.0544538497925
0.172667980194
0.113919019699
0.0725519657135
0.0628409385681
0.0575969219208
0.118201971054
0.107537031174
0.0800280570984
0.112744092941
0.885943889618
0.0900011062622
0.155951976776
0.109409093857
0.0862109661102
0.626230955124
0.169316053391
0.101067066193
0.0960729122162
0.169093132019
0.0617299079895
0.318594932556
0.0580229759216
0.502866029739
0.153324127197
0.231504917145
0.120571136475
0.357948064804
0.082083940506
0.114598035812
0.0642709732056
0.450052022934
0.128063201904
0.98986697197
0.208770036697
1.65467905998
0.0835978984833
0.489139080048
0.191817998886
0.115581989288
0.0811429023743
0.333019971848
0.0994691848755
0.187087774277
0.0463590621948
0.148777008057
0.0796580314636
0.0668499469757
0.130854845047
0.0587840080261
0.0594549179077
0.0566980838776
0.357131958008
0.146600961685
0.204822063446
0.108906984329
0.083771944046
0.0641369819641
0.0554821491241
1.13177990913
0.0504128932953
0.116647958755
0.122051954269
0.0566980838776
0.106218099594
0.121969938278
0.839262962341
0.112353801727
0.170339822769
0.115077018738
0.0628459453583
0.137451171875
0.122632026672
0.0648760795593
0.0944390296936
0.145566225052
0.198787927628
0.0553798675537
0.788908004761
0.154331207275
0.212872982025
0.117788791656
0.0322840213776
0.190288066864
0.111732959747
0.073734998703
0.0932219028473
0.0435099601746
0.0683240890503
0.0642929077148
0.0638918876648
0.203509092331
0.182255983353
0.593648195267
0.0506579875946
0.0463161468506
0.924946784973
0.111790895462
0.302916049957
0.535275936127
0.304642915726
0.138595104218
1.18939304352
0.107099056244
0.0969009399414
0.181896924973
2.0870308876
0.16404914856
0.0550410747528
0.117027044296
0.378895044327
0.424423933029
0.0704901218414
0.0914480686188
0.043890953064
0.097708940506
0.123456001282
0.123461008072
0.717449903488
0.128934860229
0.955524921417
0.235933065414
0.046413898468
0.0901880264282
0.120688915253
1.28412389755
0.647937059402
0.0924301147461
1.22461104393
0.0672209262848
0.102160930634
0.241517066956
0.119900941849
0.899339199066
0.0616228580475
0.366404056549
0.386846065521
0.906363010406
0.147542953491
0.0779390335083
0.427802085876
0.100191831589
0.254029035568
0.348895072937
0.144878864288
0.254931926727
0.126374006271
0.384946107864
0.339426040649
0.135438919067
0.149689912796
0.367744922638
0.11737704277
0.167201042175
0.179706096649
0.0552561283112
0.158647060394
0.117661952972
0.0436239242554
0.0825309753418
0.0424330234528
0.104869842529
0.157814979553
0.189066886902
0.155776977539
0.104017972946
0.231354951859
0.0996880531311
0.116714000702
0.172226190567
0.114300966263
0.806797981262
0.323581933975
0.0380439758301
0.120470046997
0.065397977829
0.111475944519
1.5606238842
0.0980470180511
0.0552639961243
0.126281023026
0.124125003815
0.0971641540527
0.189460039139
0.0879111289978
0.125036001205
0.698680877686
0.235543012619
0.0686378479004
1.3727440834
0.13472700119
0.848519086838
0.140629053116
0.120915174484
0.206125974655
0.0690097808838
0.190454959869
0.240353107452
0.214411020279
1.01547598839
0.261169910431
0.0874900817871
0.191854953766
0.697196960449
0.0595889091492
0.32205581665
0.156186103821
0.218834877014
0.162266016006
0.0601909160614
0.776906967163
0.127381801605
0.137586832047
0.0990059375763
0.0943012237549
0.0623059272766
0.112090110779
0.135974884033
0.859361886978
0.207015037537
0.683470964432
0.649345874786
0.045814037323
0.254904985428
0.133682012558
0.293524980545
0.194644927979
0.0477530956268
0.146049022675
0.077702999115
0.274209022522
0.0661880970001
0.11915397644
0.0150279998779
0.203637123108
0.351017951965
0.206737041473
0.564537763596
0.329842090607
2.51033997536
0.15074300766
0.0975170135498
0.0488910675049
1.12649583817
0.855726957321
0.140086889267
0.0577700138092
1.52075195312
0.115095853806
0.626794099808
0.110244035721
0.831922054291
0.0810368061066
0.0602087974548
0.900373935699
2.62263417244
0.118754148483
0.186649084091
0.194471120834
0.0562961101532
0.0674221515656
0.110940933228
0.855144023895
0.226902961731
0.16127705574
0.0536479949951
0.170032024384
0.12531709671
0.0622868537903
0.271737098694
0.220111846924
0.0734541416168
0.1649081707
0.520808935165
0.261131048203
0.2796189785
0.1590051651
0.092010974884
0.106706142426
0.0724010467529
0.914923906326
0.0902740955353
0.122031211853
0.139923095703
0.0947740077972
0.0471811294556
0.141381978989
0.248967885971
0.773354053497
0.149627923965
0.0998680591583
0.133455991745
0.128684997559
0.107323169708
0.101258993149
0.152147054672
0.0626308917999
0.090057849884
0.151852846146
0.736926078796
0.0799889564514
0.184472084045
0.0978021621704
0.226639986038
0.798448801041
0.329126119614
0.1107878685
0.409497976303
1.088078022
0.147454977036
0.812064170837
0.145885944366
0.155242919922
0.14754486084
0.0547850131989
0.108950853348
0.0588290691376
0.178789138794
0.0548281669617
0.151418924332
0.067400932312
0.0441830158234
0.119480133057
0.731461048126
0.287759065628
0.0509769916534
0.727566003799
0.434993028641
0.335114002228
0.115262031555
0.131640911102
0.119326114655
0.0683650970459
0.12250995636
0.0614900588989
0.158468008041
0.0897431373596
0.19074511528
0.102267026901
0.0952789783478
0.056116104126
0.196184158325
0.193891048431
1.71535992622
0.0527880191803
0.0787789821625
0.342391967773
0.0392408370972
0.102288961411
0.164494037628
0.114368915558
0.109433174133
0.0586731433868
0.132238864899
0.528833866119
0.176712036133
0.0660300254822
0.0976867675781
0.114455938339
0.0604841709137
0.103511095047
0.0627989768982
0.310294151306
0.0937581062317
0.139980077744
0.104466915131
0.191576957703
0.107253074646
0.288285017014
0.0373919010162
0.0911591053009
0.892553806305
0.815378904343
0.117146968842
0.4655418396
0.0863170623779
0.153825044632
0.0815739631653
0.090892791748
0.116433143616
0.584038972855
0.141304016113
0.147035121918
0.0605959892273
0.203125
0.0423610210419
0.181806087494
0.20151591301
0.0601711273193
0.0782198905945
0.284863948822
0.500730037689
0.295359134674
0.193009138107
0.152901887894
1.29333806038
0.0497920513153
0.0569519996643
0.25354886055
0.0660820007324
0.0922958850861
0.119686126709
0.139403104782
0.188988924026
0.522020101547
0.0880789756775
0.483515977859
0.268057823181
0.0557618141174
0.325274944305
0.190455913544
0.232523918152
0.126443147659
0.0448319911957
0.0777640342712
0.0629658699036
0.0587348937988
0.0521278381348
0.147680997849
0.380492925644
0.159973144531
0.211314201355
0.0601098537445
0.169765949249
0.194891929626
0.805405139923
0.0571000576019
0.0616929531097
0.180576086044
0.111023902893
0.701607227325
0.229871034622
0.0618929862976
0.0698490142822
0.138859987259
0.0655019283295
0.170632839203
0.120124816895
0.116995096207
0.115966796875
0.169953107834
0.0923910140991
0.349685192108
0.162626028061
0.108719110489
0.0935029983521
0.110828876495
0.158662080765
0.130598068237
0.0481729507446
0.17723608017
0.0783100128174
0.102236032486
1.0178539753
1.50698208809
0.151896953583
0.0662729740143
0.0589900016785
0.103232860565
0.109962940216
0.136175870895
0.227677822113
0.0800850391388
0.0770130157471
0.164279937744
1.01641011238
1.8221309185
0.113490104675
0.0933408737183
0.113468885422
0.14186501503
0.1965239048
0.222472906113
0.247000932693
0.205894947052
0.294629096985
0.0960509777069
0.130475997925
0.259394884109
0.197633981705
0.119127035141
0.541002035141
0.197159051895
0.107175111771
0.0593719482422
0.106757879257
0.0653719902039
0.060672044754
0.792260885239
0.106922149658
0.111014127731
0.202773809433
1.01231598854
0.110622167587
0.0970060825348
0.264564037323
0.417315006256
0.114767074585
0.118345975876
0.137214899063
0.12162899971
0.978940963745
0.0446801185608
0.126904010773
0.117072105408
0.232980012894
0.206038951874
0.129354953766
0.348800897598
0.0820269584656
0.204583883286
0.0953500270844
0.124171972275
0.152937889099
0.127936124802
0.197668075562
0.105386972427
0.179605007172
1.02884507179
0.219149112701
0.0697071552277
1.2257130146
0.0638711452484
1.71134495735
0.743455171585
0.234336853027
0.165484905243
0.0431599617004
0.102907180786
0.106904029846
0.118431091309
0.0805740356445
0.0747890472412
0.0624442100525
1.35159611702
0.0780630111694
0.206716060638
0.0583069324493
0.384347915649
0.593415021896
0.18367099762
0.187068939209
0.110369205475
0.929065942764
0.142261981964
0.0983519554138
0.259680986404
0.236049890518
0.184553861618
0.0885050296783
0.641223907471
1.05402898788
0.319617033005
0.139835834503
0.0718460083008
0.110736846924
1.0694129467
0.188019037247
0.655256032944
0.107550144196
0.959099054337
0.120323181152
0.258239984512
0.0546040534973
0.163158178329
0.171471118927
0.194818973541
0.0746049880981
0.0467090606689
0.111850976944
0.0819869041443
0.110838890076
0.0534040927887
0.144942998886
0.12678694725
0.139490127563
0.421022891998
0.534649848938
0.595734119415
0.108304023743
0.108991146088
0.318382024765
0.0497319698334
0.0915040969849
0.170217037201
0.264340877533
0.157303094864
0.318062067032
0.0372550487518
0.100059986115
0.108902931213
1.64150309563
0.388864994049
0.173217058182
0.113000154495
0.27180814743
0.181721925735
0.358170986176
0.375174999237
0.13766002655
0.0737369060516
0.218157052994
0.180136919022
0.194226026535
0.176701068878
0.393456935883
0.148783922195
0.182748794556
0.93820309639
0.183882951736
0.109503984451
0.14435505867
0.0624840259552
0.0898270606995
0.107802152634
0.471556186676
0.0806629657745
0.0945210456848
0.959733009338
1.18914699554
0.157429933548
0.0653440952301
0.096696138382
0.422103881836
0.114559173584
0.192914009094
0.109441041946
0.147998809814
0.226452112198
0.115667819977
0.50065279007
0.0793590545654
0.217345952988
0.091689825058
0.0964388847351
0.116950035095
0.116954088211
0.302387952805
0.257735967636
0.0684821605682
0.0985760688782
0.105448007584
0.279899120331
0.367771148682
0.816611766815
0.13275885582
0.212419033051
0.0647571086884
0.24218583107
0.113488912582
0.104295969009
0.0816559791565
0.244596004486
0.102176904678
0.06627202034
0.0875689983368
0.122929096222
0.118854999542
0.129554033279
0.121369123459
0.0978479385376
0.18395113945
1.39147591591
0.128648996353
0.113914012909
0.151736974716
0.160242080688
0.203718900681
0.277183055878
0.249131917953
0.21327495575
0.219950914383
0.115385055542
0.0743510723114
0.178823947906
0.864031791687
0.0692601203918
0.272104024887
0.118970870972
0.0618941783905
0.899040937424
0.0749931335449
0.22554397583
0.255248069763
0.13053393364
0.121028184891
0.102218866348
0.0567300319672
0.104071140289
0.0943760871887
1.09693813324
0.175179004669
0.243749856949
0.120087862015
0.0668559074402
0.163519144058
0.0542771816254
0.0816419124603
0.300765037537
0.824944019318
0.0648839473724
0.179963111877
0.0947251319885
0.772333145142
0.151115179062
0.122001886368
0.57706785202
0.139423847198
0.0538539886475
0.065269947052
0.636785984039
0.35804605484
0.240446805954
0.412122011185
0.107792854309
0.319391012192
0.14219379425
0.0561280250549
0.112673997879
0.331053972244
0.176586866379
0.0793209075928
0.165117025375
0.583410024643
0.088093996048
0.0694661140442
0.162742137909
0.326322793961
0.12243103981
0.152645111084
0.208790063858
0.109997987747
1.35384392738
0.114429950714
0.217231035233
0.0800130367279
0.421888828278
0.0515100955963
0.209055900574
0.0567631721497
0.131947994232
0.108690023422
0.12420797348
0.301800012589
0.194794893265
0.236067056656
0.136414051056
0.138622999191
0.206054925919
0.143824100494
2.63890910149
0.0829558372498
0.073441028595
0.378889799118
0.431457042694
0.205425977707
0.100746154785
0.0686120986938
0.234503984451
0.238749027252
0.0652079582214
0.499264001846
0.0785729885101
1.40936303139
0.120187997818
0.131187915802
0.131827116013
0.0707311630249
0.101006984711
0.105902910233
0.233733177185
0.554941177368
0.298378944397
0.17866897583
0.0793459415436
0.0828239917755
0.116250038147
0.253494977951
0.363072872162
0.264691114426
0.171121835709
0.101490020752
0.0650501251221
0.0558528900146
0.334125995636
0.0619909763336
0.12655711174
0.597234964371
0.0596640110016
0.468209028244
0.0951728820801
0.151638031006
0.0973038673401
0.128257989883
0.0832781791687
0.0653908252716
0.0537760257721
0.0846009254456
0.263370990753
0.480635881424
0.239567995071
0.0637919902802
0.167846918106
0.0764908790588
0.141175985336
0.901627063751
0.248141050339
0.430558204651
0.349839925766
0.0818600654602
0.194103002548
0.114952087402
0.0652179718018
0.0754568576813
0.234163999557
0.241945981979
0.323395967484
1.12662100792
0.0664489269257
0.067703962326
0.146547794342
0.462354183197
0.365229129791
0.0623528957367
0.108005046844
0.192975997925
0.371872901917
0.0921061038971
2.66922283173
0.0556311607361
0.911979913712
0.145884990692
0.638615131378
0.416929006577
0.0779478549957
0.054102897644
0.228171110153
0.138305187225
0.129990816116
0.173902988434
0.840510845184
0.0945749282837
0.21343588829
0.112619876862
0.916094779968
0.884332895279
0.506160020828
0.103420972824
0.10684800148
0.113163948059
0.0461139678955
0.138998985291
0.122505903244
0.288712978363
0.0755758285522
0.106353998184
0.107274055481
0.091964006424
0.0885570049286
0.0334689617157
0.181014060974
0.114245891571
0.115271091461
0.135288953781
0.170773029327
0.345746994019
0.0836069583893
0.0585501194
0.134750127792
0.189247846603
0.566742181778
0.336822986603
0.115539073944
0.119575023651
0.113273143768
0.135302066803
0.102154016495
0.0402820110321
0.0890190601349
0.793229103088
0.108908891678
0.246620178223
0.311536073685
0.249107122421
1.75698304176
0.616374015808
1.47518205643
0.197384119034
0.11714720726
0.129583120346
0.0612089633942
0.058876991272
0.1938560009
1.11774396896
0.165452957153
0.338069915771
0.299998044968
0.0867650508881
0.261124134064
0.0503039360046
0.121855974197
0.295836925507
0.0611519813538
0.264809131622
0.167135000229
0.117349147797
0.0554051399231
0.220278978348
0.116492033005
0.0532810688019
0.771590948105
0.0861530303955
0.213140964508
0.187685966492
0.0805089473724
0.368150949478
0.219785928726
0.481562852859
0.191672086716
0.564131975174
0.0919139385223
0.147573947906
0.636704921722
0.151880979538
0.0819730758667
0.309862136841
0.160495996475
0.0677151679993
0.135519981384
1.57962584496
0.954713106155
0.0684111118317
0.172090053558
0.154442071915
0.210753917694
0.057030916214
1.00449609756
0.378759860992
0.298919916153
0.204944133759
0.0545959472656
0.17421412468
0.073086977005
0.13985490799
0.239007949829
1.25552988052
0.103817939758
1.5631480217
0.0871810913086
0.176349878311
0.235599994659
0.446604967117
0.137533903122
0.0634939670563
0.0634970664978
1.30441188812
0.170803070068
1.60038590431
0.0696730613708
0.111735105515
0.143327951431
0.231390953064
0.0800099372864
0.15461397171
0.238711118698
0.183176994324
0.295363903046
0.146425008774
1.19896697998
0.13586306572
0.666836977005
0.138298988342
0.126303911209
1.27292203903
0.122948169708
0.078136920929
0.264846801758
0.0716691017151
0.135707855225
0.198699951172
0.363760948181
0.45519900322
0.108742952347
0.0657019615173
0.394200801849
0.287138938904
0.516121149063
0.199846029282
0.186073064804
1.63865494728
0.753399848938
0.620502233505
0.123874902725
0.201990127563
0.138216018677
0.0787801742554
0.0655748844147
0.62285900116
0.222840070724
0.0734128952026
0.216758012772
0.243380069733
0.236178874969
0.0951790809631
0.175677061081
0.217068910599
0.0628530979156
0.7820789814
0.0670709609985
0.124624013901
0.0629789829254
0.471559047699
0.24546790123
0.0804970264435
0.286712884903
0.134831905365
0.187697887421
0.105628967285
0.164771080017
0.0537528991699
1.09168219566
0.14976978302
0.178652048111
0.0816130638123
0.0925731658936
0.0733699798584
0.0767970085144
0.435900211334
0.201149940491
0.100450992584
0.389214038849
0.133946895599
0.0610530376434
0.187622070312
0.0823440551758
0.083976984024
0.154556035995
0.0709581375122
0.180840015411
0.210041999817
0.876812934875
0.0616400241852
0.584969997406
0.0448529720306
0.310545921326
0.0595979690552
0.0892338752747
0.51048707962
0.060595035553
0.115015029907
0.0529499053955
0.0575320720673
0.0783281326294
0.184335231781
0.396074056625
0.194744825363
0.0658149719238
0.137372970581
0.13706111908
0.126721143723
0.236133098602
0.0550351142883
0.117348909378
0.106432914734
0.107353925705
0.621540784836
0.148180007935
0.18722486496
0.058687210083
0.275506019592
0.108589172363
0.0667159557343
0.172008037567
0.126960992813
0.146820068359
0.143903017044
0.0581030845642
0.171087026596
0.21892118454
0.0581610202789
0.144613981247
0.0496318340302
0.0625751018524
0.206154108047
0.158502101898
0.269521951675
1.94572305679
0.877910137177
0.126075983047
0.161203861237
1.24398779869
0.0577960014343
0.0584411621094
0.144430875778
0.0972440242767
0.285507917404
0.107120990753
0.128424882889
0.127292156219
0.380950927734
0.170667171478
0.619545936584
0.743155956268
0.112349033356
0.147478818893
0.127275943756
0.097916841507
0.0873489379883
0.0600740909576
0.114308834076
0.0660700798035
0.054988861084
0.177467107773
0.119724035263
0.11137509346
0.0982830524445
0.11400103569
0.873323917389
0.343688011169
0.0648729801178
1.16982197762
0.215416908264
0.0528209209442
0.143888235092
0.185080051422
0.0973420143127
0.917335987091
0.0949311256409
0.0655250549316
0.107870101929
0.107728004456
0.0645010471344
0.132905960083
0.0785100460052
0.200469970703
1.41215515137
0.138851165771
0.259491920471
0.113237857819
0.16903591156
0.253027915955
0.15242600441
0.432368993759
0.217992067337
1.10547614098
0.185853004456
0.106364011765
0.235549926758
0.619668006897
0.110973119736
0.0895340442657
0.479265928268
1.30706310272
0.230782032013
0.192933082581
0.865190029144
0.271362066269
0.082319021225
0.144482851028
0.126868963242
0.158861160278
0.084156036377
0.639616966248
0.0681688785553
0.182696819305
0.128514051437
0.121165990829
0.0574080944061
0.237611055374
0.0619750022888
0.095780134201
0.433705806732
0.131861209869
0.302321910858
0.0848259925842
0.636545181274
0.0820372104645
0.134341001511
0.0822591781616
0.0943739414215
0.127365112305
0.133363008499
0.162153959274
0.133548974991
0.894632816315
0.160566091537
0.0601780414581
0.259269952774
0.0836780071259
0.102864027023
0.282934904099
0.119585990906
0.0583019256592
0.308632850647
0.131084918976
0.0710968971252
0.127385854721
0.324436903
0.062075138092
0.112994909286
0.119657993317
0.25426197052
0.0996420383453
0.181290864944
0.747888803482
0.197959899902
0.12645816803
0.15829205513
0.130318880081
0.1205701828
1.8385579586
0.0668098926544
0.971616029739
0.473111867905
0.230335950851
0.400120019913
0.305183887482
0.239208936691
0.503462791443
1.32392597198
0.102760076523
0.188178062439
0.913864850998
0.429602146149
0.348374128342
0.458061933517
0.0547211170197
0.533765077591
0.0629630088806
0.320711135864
0.485095024109
0.183586120605
0.0581259727478
0.329628944397
0.186019182205
0.106548070908
0.231049060822
0.618077039719
0.655532121658
0.121894836426
0.598433971405
0.0648679733276
0.147388935089
0.237782001495
0.104718923569
0.114104032516
0.124584913254
0.27068400383
0.148018121719
0.141441106796
0.22748208046
0.712712049484
0.111062049866
0.140522956848
0.488447904587
0.056303024292
0.140798091888
0.0685408115387
0.104356050491
0.0762679576874
0.223918914795
0.0924959182739
0.104479074478
0.166654109955
0.0985958576202
0.174416065216
0.141711950302
1.11402082443
0.320246934891
0.0691101551056
0.123369932175
0.245386123657
0.117703914642
0.0702691078186
0.582516908646
0.079097032547
0.212903022766
0.0506951808929
0.0525710582733
0.137672185898
0.445988178253
0.205940961838
0.0699088573456
0.130485057831
0.919053077698
0.0449240207672
0.135138034821
0.212095022202
0.0747480392456
0.21239900589
0.106565952301
0.110683917999
0.204377889633
0.106830120087
1.09612298012
0.175380945206
0.210745096207
0.0675408840179
0.0527927875519
0.407833099365
0.246154069901
0.189320087433
0.133965015411
0.0602900981903
0.0613548755646
0.969153165817
1.23269295692
0.394477844238
1.19290089607
0.272337913513
0.0990159511566
0.229062080383
0.184875965118
0.132400989532
0.13388800621
0.130095005035
0.0815331935883
0.0790400505066
0.271955966949
0.165613889694
0.408192873001
0.10977602005
0.0939111709595
0.0973839759827
0.254153013229
0.113744974136
0.212620973587
0.234832048416
0.0817759037018
0.140362977982
0.466928958893
0.153398990631
0.110649108887
0.994680166245
0.0573110580444
0.102677822113
0.207792043686
0.0295989513397
0.8916888237
0.624783992767
0.210257053375
0.0956449508667
0.943721055984
0.0654168128967
0.223346948624
0.0815680027008
0.132807016373
0.0658349990845
0.143398046494
0.346329927444
0.0740659236908
0.114665985107
0.0606849193573
0.566740036011
0.123888969421
0.215261936188
0.188647985458
0.210726976395
0.169641971588
0.0706391334534
0.0731739997864
0.0527648925781
0.105526924133
0.165372848511
0.0684328079224
0.205847024918
0.0819220542908
0.601630926132
1.14483499527
0.0488250255585
0.105376005173
0.676576852798
0.0666840076447
0.0880479812622
0.130890130997
0.188317060471
0.0908098220825
0.0861608982086
0.0855989456177
0.130422115326
0.0652320384979
0.158590078354
0.142637014389
0.0588409900665
0.113223075867
0.103502035141
0.30113196373
0.277428150177
0.270062923431
0.0564429759979
0.118613004684
0.188486099243
0.831670045853
0.0565919876099
0.0941550731659
0.0973360538483
0.107693910599
0.156275987625
0.0595459938049
0.127374887466
0.0436601638794
0.179841041565
0.137923955917
1.07638502121
0.114710092545
0.193337917328
0.627882957458
0.0525090694427
0.320043087006
0.237160921097
0.0680088996887
0.0568261146545
0.0546889305115
0.14843583107
0.204180002213
0.0566380023956
0.112962961197
0.162142038345
0.10258102417
0.139214038849
0.084666967392
0.0602788925171
0.558168888092
0.045352935791
0.0673439502716
0.056389093399
0.0504641532898
0.12208199501
1.2758538723
0.106335878372
0.1984770298
0.122386932373
0.0749671459198
0.556445837021
0.120690107346
0.113806009293
0.0951828956604
0.115831136703
0.210494041443
0.0813920497894
0.0448400974274
0.168300151825
0.0564548969269
0.163712024689
0.0567090511322
0.0625491142273
0.163993120193
0.18838095665
0.108758926392
0.0732808113098
0.0801839828491
0.392815828323
0.116677999496
0.0999150276184
0.141002893448
0.911728143692
0.13583612442
0.395941019058
1.32684612274
0.282216072083
0.105139970779
0.175493955612
0.116286993027
0.259010076523
0.146876096725
0.146413803101
0.180020093918
0.134567022324
0.0838239192963
0.128638029099
0.16511297226
0.0624039173126
0.587607145309
1.31226205826
0.0752398967743
0.0702970027924
0.0869750976562
1.0491631031
0.371241092682
0.306427001953
0.0696160793304
0.116667985916
0.142601013184
0.364125967026
0.098356962204
0.939860105515
0.742654085159
0.0548119544983
0.192511081696
0.113023042679
0.158936977386
0.206777095795
0.224776029587
0.325173139572
0.184388160706
0.357217073441
0.0805459022522
0.127904176712
1.15599989891
0.141647815704
0.10036611557
0.106272935867
0.144172906876
0.0770578384399
0.0940380096436
0.0597810745239
0.264432907104
0.135020971298
0.107285022736
0.0822148323059
0.138421058655
0.0895519256592
0.191169977188
0.169385910034
0.0849540233612
0.268312931061
0.0597469806671
0.12602186203
0.224749088287
0.52893614769
0.534454107285
0.180171012878
0.188329935074
0.0981040000916
0.830044031143
0.116579771042
0.165663957596
0.369785070419
0.121372938156
0.0366930961609
1.55445313454
0.135410070419
0.106829881668
0.188295841217
0.401633024216
0.122882127762
0.214916944504
0.110164165497
0.226598978043
0.138081073761
0.163019895554
0.122821092606
0.069760799408
0.141782999039
0.118092060089
0.102799892426
0.105681180954
0.0368540287018
1.07204604149
0.444582939148
0.238248109818
0.0452189445496
0.135586977005
0.216336011887
0.176809072495
0.189135074615
0.126582860947
0.0547981262207
1.05040812492
1.04146194458
0.0915670394897
0.593899011612
0.200571060181
0.131082057953
0.111279010773
0.131236076355
0.472455024719
0.0810170173645
0.699299097061
0.124735832214
0.120809078217
0.059632062912
0.0794379711151
0.119647026062
0.0668280124664
0.053111076355
0.4936439991
0.107605934143
0.0870327949524
0.307301998138
0.117715120316
0.123175144196
0.119976997375
0.059543132782
0.0590600967407
0.0534789562225
0.204771995544
0.0720238685608
0.0808689594269
0.0593898296356
0.165591001511
0.308950901031
0.153732061386
0.175126075745
0.198395013809
0.107851028442
0.714756965637
0.197999000549
0.0731880664825
0.104683876038
0.0690569877625
0.131464004517
0.0699210166931
0.897163152695
0.0769610404968
0.33699798584
0.043445110321
0.154331922531
0.137233972549
0.0491828918457
0.0620701313019
0.0832378864288
0.216706991196
0.103571176529
0.0475869178772
0.0491909980774
0.0592260360718
0.0841870307922
0.101726055145
0.876842021942
0.47404384613
1.1226041317
0.104787111282
0.65215587616
0.239258050919
0.0970270633698
0.214975118637
0.0741291046143
0.062912940979
0.0935869216919
0.396935939789
0.326615095139
0.150498151779
0.390090942383
0.164797067642
0.400539875031
0.377201080322
0.0648219585419
0.0707929134369
0.0601871013641
0.124369859695
0.101491928101
0.0958318710327
0.151088953018
0.114860057831
0.127216100693
0.0332651138306
0.130436897278
0.234407901764
0.110372066498
0.124304056168
0.0987529754639
0.0627830028534
0.262623071671
0.0540339946747
0.389173030853
0.0682170391083
0.1380610466
0.12802195549
0.0517120361328
0.187211990356
0.201717853546
1.16257691383
0.074462890625
0.199340820312
0.0973689556122
0.1514980793
0.139215946198
0.0663220882416
0.105708122253
0.235800027847
0.331012010574
0.0567178726196
0.184681892395
0.0674660205841
0.0648019313812
0.212779998779
0.060802936554
0.126137018204
0.119261980057
0.632834196091
0.309247016907
0.201117992401
0.204190969467
0.536865949631
0.0560138225555
0.103751897812
0.0639901161194
0.493296146393
0.285443067551
0.0984220504761
1.7479019165
0.284779071808
0.182390928268
0.192461013794
0.172670125961
0.393532991409
0.062304019928
0.0536360740662
0.0599591732025
0.19974398613
0.0995419025421
0.246469974518
0.122195005417
0.161619901657
0.0984709262848
0.183820962906
0.224319934845
0.114640951157
0.874850034714
0.267796039581
1.08079886436
0.0605239868164
0.117145061493
0.111133098602
0.100878953934
0.170371055603
0.106393098831
0.148313045502
0.0687131881714
0.0637080669403
0.0611770153046
0.198637962341
0.0999910831451
0.113436937332
0.122843027115
1.11498689651
0.605891942978
0.237954139709
0.167176008224
0.242971897125
0.201581001282
0.661285877228
0.0690529346466
0.0490481853485
0.367986917496
0.11573600769
0.106621980667
0.157131910324
0.181386947632
0.695921182632
0.0785789489746
0.671814203262
0.0575051307678
1.65175890923
0.133856058121
0.668737888336
0.265198945999
0.0788581371307
0.232321977615
0.136755943298
0.445126056671
0.121455192566
0.0988368988037
0.189253091812
0.298830032349
0.128914117813
0.12429189682
0.113312959671
0.0797479152679
0.114212989807
0.105552911758
0.0509250164032
0.100263118744
0.0765371322632
0.0623419284821
0.252557992935
0.112179994583
0.091010093689
0.841428995132
0.135852098465
0.296034812927
0.143550872803
0.06285405159
0.107087850571
0.181886911392
0.517210960388
0.486207008362
0.0885388851166
0.0735940933228
0.157520055771
0.145091056824
0.144064903259
0.366022825241
0.582921981812
0.406109809875
0.12167096138
0.0609660148621
0.111598968506
0.137086868286
0.0541989803314
0.10530591011
0.953023910522
0.158062934875
0.113758087158
0.20263504982
0.0579171180725
0.142785072327
0.338490009308
0.227606058121
0.301554918289
0.538365840912
0.147169113159
0.055871963501
0.154766082764
0.159233093262
0.105023145676
0.0820710659027
0.116094112396
0.239127159119
0.0544819831848
0.696631193161
0.677186012268
0.118474006653
0.189040899277
0.334516048431
0.174902200699
0.115612030029
0.0936560630798
0.059100151062
0.186021089554
0.271568059921
0.594985961914
0.0586919784546
0.111479043961
0.122107028961
0.291051864624
0.170053005219
0.190841913223
0.0831658840179
0.514310836792
0.109935998917
0.0878961086273
0.220369100571
0.107141971588
0.0561459064484
0.378266811371
0.588114023209
0.959772109985
0.211863040924
0.209361076355
0.366096019745
0.132550001144
0.784529209137
0.0512111186981
0.1062707901
0.0587599277496
0.132869005203
0.0995659828186
0.153059959412
0.0840299129486
0.368566036224
0.118001937866
0.172076940536
0.321197986603
0.0809800624847
0.956526041031
0.114909887314
0.312242031097
0.120319128036
0.185797929764
0.0838859081268
0.440052032471
0.0619468688965
0.128051996231
0.0517339706421
0.498392105103
0.055114030838
0.610527038574
0.133634090424
0.108127117157
0.197896957397
0.129510879517
0.0827331542969
0.562392950058
0.123951911926
0.0535869598389
0.207648038864
0.157412052155
0.110996007919
0.123602151871
0.0999491214752
0.130917072296
0.814682006836
0.110960006714
0.195195198059
0.235506057739
0.0542719364166
0.129636049271
0.0969610214233
1.4482550621
0.214717149734
0.0903129577637
0.0625410079956
0.112648963928
0.161693811417
0.0636398792267
0.139816045761
0.0998780727386
0.114109039307
0.198997974396
0.308226823807
0.17543387413
0.240858078003
0.412613868713
0.0446870326996
0.134799003601
0.750429153442
0.0538671016693
0.491410970688
0.290380001068
0.213892936707
0.060375213623
1.36497211456
0.107599973679
0.478052139282
0.0652079582214
0.107645988464
0.0784759521484
0.480489015579
0.0651080608368
0.132769107819
0.137626886368
0.0857989788055
0.837519884109
0.112007856369
0.418440103531
0.0703129768372
0.16853094101
0.682008981705
1.01434087753
0.807254076004
0.0976998806
0.146687984467
0.731534957886
0.128431797028
0.0475630760193
0.186192035675
0.136734962463
0.0455629825592
0.176930904388
0.141761064529
0.130270004272
0.211763143539
0.106204032898
0.21627497673
0.111795902252
1.09217905998
0.221478939056
0.206737995148
0.20142698288
0.169403076172
0.450083971024
0.262105941772
0.189468860626
0.162121772766
0.175055027008
0.19170498848
0.0611801147461
0.101223945618
0.10222196579
0.179354906082
0.0536170005798
0.110136032104
0.278529882431
0.341364145279
0.112869024277
0.0755801200867
0.28794503212
0.349070072174
0.174506902695
0.0919358730316
0.0692620277405
2.26550889015
0.136734962463
0.0641379356384
0.0646059513092
0.11152100563
0.180272102356
0.0875248908997
0.0607929229736
0.104537963867
0.202046871185
0.168250083923
0.111520051956
1.47792410851
0.112435817719
0.10067820549
0.0649650096893
0.0918838977814
0.11524605751
0.073166847229
0.208367824554
0.172574996948
0.130704879761
0.0971088409424
0.0604109764099
0.25977897644
1.0926990509
0.276877164841
0.0688450336456
0.0852692127228
0.483756065369
0.229820013046
0.136957883835
0.184246063232
0.141238927841
0.326443910599
0.0886108875275
0.787762880325
0.069981098175
0.115896940231
0.128662109375
0.223462820053
0.056617975235
0.0823891162872
0.130338907242
0.10466003418
0.0385358333588
0.117304801941
0.150520086288
0.0632197856903
0.121124982834
0.0550181865692
1.09451198578
0.0613961219788
0.113224983215
0.100787162781
0.175499200821
0.179598808289
0.113616943359
0.114516973495
0.285749197006
0.101011991501
0.0489778518677
0.079333782196
0.0976858139038
0.0534958839417
0.0620748996735
0.473114013672
0.648648023605
0.0652401447296
0.0598809719086
0.127367019653
0.163594961166
0.490425109863
0.21376490593
0.165511131287
0.0691890716553
0.110507965088
0.0804250240326
0.565269947052
0.264312982559
0.17484998703
0.17053604126
0.0841488838196
0.062460899353
0.0911030769348
0.620846033096
1.06687998772
0.108435153961
0.0547149181366
0.0841898918152
0.0967729091644
0.0641300678253
0.120203018188
0.0560178756714
0.0394639968872
0.175709009171
0.154285907745
0.0965549945831
0.297806978226
0.887059211731
0.910429954529
0.200011014938
0.336339950562
0.152667999268
0.299378871918
0.484900951385
0.166728019714
0.377309083939
0.0617160797119
0.371738910675
0.557590961456
0.0738489627838
0.0549437999725
0.152064085007
1.21789097786
0.114005804062
0.0540180206299
0.150786161423
0.067440032959
0.0765209197998
0.12081694603
0.11675286293
0.110473871231
0.099977016449
0.136919975281
0.0765960216522
0.834729909897
0.0857028961182
0.0795409679413
0.0935070514679
0.897357940674
0.099555015564
0.0973839759827
0.0546119213104
0.0555200576782
0.363349914551
0.125870943069
0.377594947815
0.138418912888
0.0845890045166
0.164303064346
0.0721740722656
0.104233026505
0.15757894516
0.211500167847
0.0575408935547
0.0739381313324
0.145234107971
0.0770170688629
0.1975710392
0.0877778530121
0.126539945602
0.141211032867
0.154293060303
0.183672904968
0.287730932236
0.118885993958
0.1883020401
0.0773980617523
0.203151941299
0.0861670970917
0.245059967041
0.332509040833
1.12892913818
0.0504989624023
0.123392105103
1.08718514442
0.303422927856
0.146141052246
0.0997090339661
0.0386929512024
0.0798790454865
0.0751659870148
0.210209846497
0.172771930695
0.0909349918365
0.146261930466
0.104587078094
0.0756750106812
0.130655050278
0.68891119957
0.113878011703
0.322063922882
0.758775949478
0.0551869869232
0.376812934875
0.127444028854
0.0646679401398
0.660748958588
0.0155758857727
0.108329057693
0.112016916275
0.0777070522308
0.0594599246979
0.138396024704
0.190072059631
0.41152882576
0.0758340358734
0.168389797211
0.0665950775146
0.108211994171
0.150140047073
0.143821954727
1.18363690376
0.0658400058746
0.20349407196
0.127939939499
0.0504069328308
0.0537700653076
0.21894288063
0.070524930954
0.142710208893
0.0860900878906
0.0704231262207
0.306937932968
0.286060094833
0.0790531635284
0.0514690876007
0.127674102783
0.108070135117
0.131968975067
0.0637531280518
0.119147062302
0.0791039466858
0.278601169586
0.797035932541
0.148458003998
0.361735105515
0.176196813583
0.0633549690247
0.175457000732
0.270513772964
0.570200920105
0.128955125809
0.0736849308014
0.193436861038
0.131815195084
0.208461046219
0.0804929733276
0.106307983398
0.857223987579
0.113229036331
0.059298992157
0.194772005081
1.35090184212
0.159566164017
0.0580558776855
0.125395059586
0.0794081687927
0.291829824448
0.247564077377
0.122232198715
0.284971952438
0.133379220963
0.502415180206
0.0545930862427
0.848475933075
0.179984092712
0.324896812439
0.126226902008
0.174960851669
0.097571849823
0.189498901367
0.0565760135651
0.0624029636383
0.109561920166
0.476144075394
0.0586378574371
0.159461021423
0.102159976959
0.639852046967
1.30828905106
0.526631832123
0.276432037354
0.0611250400543
0.0369238853455
1.00820994377
0.0620601177216
0.0904710292816
0.523906946182
0.0696160793304
0.207612991333
0.792135000229
0.109259128571
0.098473072052
0.488507032394
0.157691955566
0.141462087631
0.0616219043732
1.08685803413
0.225582122803
0.13490486145
0.244572877884
0.047290802002
0.232404947281
0.172973155975
0.0784499645233
0.113532066345
0.196403980255
1.00121593475
0.0610511302948
0.0603940486908
0.0559520721436
0.109925985336
0.0691750049591
0.101505994797
0.878324985504
0.759728908539
0.0621309280396
0.0719141960144
0.102085113525
0.160478830338
0.588572978973
0.10643196106
0.42809009552
0.0612978935242
0.0815870761871
0.0986227989197
0.38509106636
2.65743398666
0.0594329833984
0.111881971359
0.201052188873
0.114776849747
0.290566921234
0.187190055847
0.0972201824188
0.0741641521454
0.151571035385
0.109631061554
0.0694799423218
0.58842086792
0.121149778366
0.148534059525
0.208786964417
0.0976479053497
0.273617982864
1.42003107071
0.244697093964
0.157550096512
0.18096613884
0.166353940964
0.102808952332
0.21152305603
0.27388381958
0.0436880588531
0.158727169037
0.121560811996
0.0756599903107
0.108196020126
0.285187959671
0.0581381320953
0.0567400455475
0.171159029007
0.721022129059
0.0643661022186
0.12074303627
0.200456142426
0.0696439743042
0.234116077423
1.06919980049
0.110916137695
0.573478937149
0.0611181259155
0.114367961884
0.155363082886
0.0625410079956
0.130077123642
0.0993251800537
0.0551760196686
0.0997540950775
0.161181926727
0.998070955276
1.34464812279
0.0698039531708
0.0514419078827
1.41779613495
0.171993017197
0.0832459926605
0.0840990543365
0.454195976257
0.227638959885
0.334195137024
0.162050962448
0.170625209808
0.119482040405
0.116150140762
0.169820070267
0.370177984238
0.214948892593
0.0620400905609
0.135758876801
0.08504986763
0.0592379570007
0.113439083099
0.234292984009
0.060534954071
0.0727028846741
0.428279161453
0.222646951675
0.0649788379669
0.197901964188
0.1313560009
0.0973191261292
0.101361036301
0.323282003403
0.125124931335
0.315321922302
0.134081840515
0.197119951248
0.214120149612
0.175477027893
0.827450990677
0.159804105759
0.166009187698
0.16718506813
0.0728840827942
0.173674106598
0.0938320159912
0.184849023819
0.0565221309662
0.269273996353
0.898515939713
0.0777521133423
0.0516331195831
0.0804381370544
0.179530858994
0.060564994812
0.111078023911
0.212151050568
0.0655770301819
0.0739178657532
1.01993489265
0.085175037384
0.122912883759
0.219502925873
0.180841207504
0.108435869217
0.0591878890991
0.186504125595
1.166670084
0.124516010284
0.130405902863
0.0900881290436
0.0676798820496
0.145514965057
0.0910248756409
0.108325004578
0.0479700565338
0.106145143509
0.190739870071
0.114969015121
0.118765115738
0.189621925354
0.119844913483
0.376142978668
0.212455034256
0.0862891674042
0.0731010437012
0.121438980103
0.0696351528168
0.202252864838
0.0944800376892
0.108645200729
0.145015001297
1.11022996902
0.0964150428772
0.11686706543
0.17324590683
0.0826058387756
0.0474607944489
0.218758106232
0.163465976715
0.312227010727
0.0563099384308
0.133353948593
0.0542860031128
0.121063947678
0.0653748512268
0.0565061569214
0.106828927994
0.0504729747772
0.115885019302
0.145164966583
0.516367912292
0.149231910706
0.64080119133
0.124354124069
0.0791571140289
0.10674905777
0.647094964981
0.211024045944
0.0504069328308
0.0550549030304
0.0807690620422
0.100829839706
0.751127004623
0.0991938114166
0.190732955933
0.147338867188
0.121506929398
0.0992798805237
0.10283780098
0.183635950089
0.115709066391
0.132819890976
0.0972859859467
0.0448639392853
0.176247119904
0.169404029846
0.12780714035
0.108541965485
0.0811908245087
0.376785993576
0.0710618495941
0.449126005173
0.114974021912
0.118808984756
0.190998792648
1.1610121727
0.215772867203
0.142831087112
0.0792889595032
1.1499710083
0.133056163788
0.157011985779
0.106466770172
0.28532910347
0.0733070373535
0.159986019135
