0.904019117355
0.620994091034
0.556072950363
0.562743186951
0.608726024628
0.612607002258
0.634496927261
0.253560066223
0.508363962173
0.546730995178
0.876471996307
0.806983947754
0.506686210632
0.776653051376
0.79855799675
0.737233877182
0.561097860336
0.870823860168
0.46125292778
0.485699176788
0.49422121048
0.926730155945
0.883025169373
0.448035955429
0.476783037186
0.535431861877
0.627539873123
0.575617074966
0.987565040588
0.419555902481
0.617367982864
2.1829161644
0.389437913895
0.710833072662
0.411318063736
0.559934139252
0.477944135666
0.504998922348
0.799024105072
0.500087976456
0.53489279747
0.437018871307
0.131731033325
0.425117969513
0.542205810547
0.114000082016
0.535726070404
0.526139974594
0.420536994934
1.70414614677
0.377549886703
0.372988939285
0.436676979065
0.498808860779
0.494066953659
0.474083900452
0.653553009033
0.479412078857
0.522328138351
0.452188968658
0.652522087097
1.02626085281
1.2564098835
0.383475065231
0.405689954758
0.535862922668
0.516136884689
0.481283903122
0.535298109055
0.517889022827
0.425383090973
0.534165859222
0.55605506897
0.467504024506
0.772608041763
0.719702005386
0.391132831573
0.490451097488
1.02284598351
0.621173143387
1.06383991241
0.558990001678
0.405301809311
0.387876033783
0.698744058609
0.377165079117
0.677654981613
0.652293920517
0.5435090065
0.440538167953
0.417627096176
0.491130113602
1.3322930336
0.425009965897
0.388975143433
0.490468025208
0.461930990219
0.41407418251
0.415966033936
0.960652112961
0.51680803299
0.383086919785
0.453375816345
0.606990814209
0.579903125763
0.314918041229
0.355555057526
0.406263113022
0.747956991196
0.434831857681
0.473997116089
0.572242975235
1.01872396469
0.429965019226
0.476252794266
0.55248093605
0.479684114456
0.417235851288
0.536920070648
0.525532960892
0.365907907486
0.563774108887
0.609211206436
0.404675960541
0.685512065887
0.384537935257
0.531311035156
0.535984039307
0.870387077332
0.452215909958
0.616806983948
0.48445391655
0.565340042114
0.435497045517
0.877629995346
1.10464596748
0.419360160828
0.182298898697
0.518554925919
0.547544956207
0.639193058014
0.377538919449
0.435683012009
0.435606956482
0.413499116898
0.548154115677
0.3087849617
0.423243999481
0.628782987595
0.394798994064
0.596421003342
0.540990114212
0.515943050385
0.724381923676
0.571703195572
0.494904994965
0.513496875763
0.458240032196
0.569035053253
0.471958875656
0.601208209991
0.534701824188
0.464792966843
0.54679107666
0.495301961899
0.510690927505
0.720774173737
0.666162014008
0.484222888947
0.702115058899
0.50537109375
0.493411064148
0.378220081329
0.57386803627
0.116600990295
2.14077091217
0.5612449646
0.501790046692
0.528970003128
0.726584911346
0.399285078049
0.413539171219
0.206142187119
0.836690187454
0.570775985718
0.463762044907
0.50322508812
0.448828935623
0.425378799438
0.584298849106
0.463653087616
0.521625995636
0.466954946518
0.393002986908
0.592147111893
0.483277797699
0.660091876984
0.467141866684
0.461095809937
0.43745303154
0.476286888123
0.484157085419
0.538424968719
0.449335098267
0.443870067596
0.506227970123
0.872085094452
0.410551071167
0.488522052765
0.520348072052
0.363127946854
0.573287010193
0.584644079208
0.550346851349
0.497599124908
0.444178819656
0.566792964935
0.445613145828
0.453595161438
0.433068990707
0.656242132187
0.463433980942
0.499572038651
0.582639932632
0.978240013123
0.814577817917
0.439715862274
0.535059928894
0.844877958298
0.558333158493
0.434607982635
0.422123908997
0.48482298851
0.507589817047
0.484373807907
0.406163930893
0.482939958572
0.519096851349
0.51459813118
0.540632009506
0.467669010162
0.85807800293
0.527319908142
0.462771177292
0.441987991333
0.477735042572
0.510010957718
0.96483206749
0.529960870743
0.592526912689
0.447111129761
0.488744974136
0.452771902084
0.491624116898
0.600709915161
1.55196785927
0.558417081833
0.532922029495
0.505513906479
0.663173913956
0.435418128967
0.398010015488
0.440685987473
0.512737035751
0.527763128281
0.618008136749
0.426646947861
0.526295185089
0.725121974945
0.536959886551
0.400728940964
0.682194948196
0.601647853851
0.402018070221
0.517332077026
0.69410610199
0.410619974136
0.483632802963
0.536947965622
0.705552101135
0.126924991608
0.471606969833
0.526871919632
0.546990871429
0.558959007263
0.465836048126
0.483085155487
0.420659065247
0.444897890091
0.425734996796
0.509531974792
0.529861927032
0.53772521019
0.646188020706
0.462929010391
1.02223300934
1.05705094337
0.417515039444
0.376491069794
0.587755203247
0.451113939285
0.958197116852
0.433421134949
0.633655071259
0.700356006622
0.531490087509
0.387729167938
0.463361978531
0.236405134201
0.421169996262
0.445639133453
0.386482954025
0.615712881088
0.411619186401
0.890639066696
0.722253084183
0.487761974335
0.618004083633
0.529079914093
0.511553049088
0.548402070999
0.79644203186
0.402225017548
0.48518705368
0.444239854813
0.703564882278
0.465794086456
0.432631015778
0.478884935379
0.533179998398
0.407553911209
0.456257104874
0.505205869675
0.502499103546
0.46960401535
0.484461069107
0.57498216629
0.409003019333
0.499011039734
0.697587966919
0.843570947647
0.34219288826
0.477020978928
0.460390090942
0.378317117691
0.686270952225
0.484928846359
0.554238080978
0.483782052994
0.440392971039
0.498518943787
0.592402935028
0.626842975616
0.525074005127
0.551726818085
1.25412082672
0.635137796402
0.433556079865
0.591264009476
0.367748975754
0.410336017609
0.48388504982
0.970102071762
0.699437856674
0.50661611557
0.106324195862
0.431874990463
0.510875940323
0.535385131836
0.806221961975
0.512452125549
0.545867919922
0.55708193779
0.449523925781
0.882565975189
0.537135124207
0.555912971497
0.61416888237
0.538681983948
0.945288181305
0.442413806915
0.487660169601
0.659605026245
0.456310033798
0.404914855957
0.990355014801
0.525135993958
0.591902017593
0.43514585495
0.367198944092
0.617080926895
0.48209810257
0.336338996887
0.469996929169
0.536577939987
0.495771884918
0.412176847458
0.658141851425
0.785325050354
0.877380132675
0.461539983749
0.444968938828
0.482294082642
0.520236968994
0.466859102249
0.396529912949
0.559747934341
0.430946111679
0.470170021057
0.561865091324
0.472245931625
0.49100112915
0.526522874832
0.612207889557
0.497853040695
0.591325044632
0.536957025528
0.482867956161
0.550590991974
1.51870799065
0.538933992386
0.726026058197
0.860657930374
0.477941036224
0.89289188385
0.40548491478
0.459025144577
0.549431085587
0.390179872513
0.582445859909
0.449210166931
0.372305870056
0.406445980072
0.455399990082
0.456385850906
0.461935997009
0.485186100006
0.425736904144
0.471557855606
0.556166172028
1.28594493866
0.539618015289
0.507364988327
0.463874101639
0.904107093811
0.389755010605
0.454813957214
0.464314937592
0.536423206329
0.469840049744
0.538140058517
0.424396038055
0.160305976868
0.420060157776
0.680807113647
0.470829963684
0.614154100418
0.438965082169
0.445987939835
0.572327136993
0.496875047684
0.427638053894
0.509912967682
0.52659702301
0.116086006165
1.06907296181
0.526463031769
0.358290910721
0.397617101669
0.492639064789
0.511039972305
0.462483882904
0.571769952774
0.37992811203
0.405278921127
0.378002166748
0.494794130325
0.490171194077
0.541743993759
0.470530033112
0.459924936295
0.719681978226
0.595299005508
0.372506856918
0.540311098099
0.498722076416
0.856666088104
0.468812942505
0.528131961823
0.64376115799
0.894861221313
0.426464080811
0.47989988327
0.484042882919
0.550540208817
1.14728498459
0.538069963455
0.465864896774
0.594454050064
0.45113992691
1.12686991692
0.707882881165
0.541303873062
0.517077922821
0.00795412063599
0.588674068451
0.557822942734
0.591659069061
0.592613935471
0.474189996719
0.561561822891
0.149445056915
0.457624912262
0.890909194946
0.439188957214
0.615598917007
0.499647140503
0.643835067749
0.484149932861
0.350250959396
0.355617046356
0.518796920776
2.55904889107
0.712728023529
1.02804493904
0.871948957443
0.251901865005
0.471046209335
0.549951076508
0.687660217285
0.514193058014
0.748651981354
0.891620874405
0.465080976486
0.451811075211
0.44344997406
0.514575004578
0.943167924881
0.442422866821
0.447705984116
0.479056119919
0.408944129944
1.04302501678
0.482089042664
0.575346946716
0.535998106003
0.400133132935
0.511730194092
0.46598315239
0.440031051636
0.517517089844
0.834472179413
0.676163196564
0.457347154617
0.57346200943
0.66396188736
0.447278022766
0.441969156265
0.514976978302
0.488161087036
0.54744887352
0.503943920135
1.05169510841
0.519959926605
0.585285902023
0.58842587471
0.409007072449
0.611170053482
0.502416133881
0.54642701149
0.521797895432
0.575006961823
0.525413990021
1.06814098358
0.585768938065
0.44643497467
0.559180021286
0.782165050507
0.517280817032
0.488669872284
0.751043081284
0.525633096695
0.806801080704
0.482023000717
0.511955976486
0.637531042099
0.50968503952
0.623523950577
0.421841859818
0.411590099335
0.571798086166
0.442323207855
0.471992969513
1.13114404678
0.447937965393
0.558995008469
0.521260976791
1.03564500809
0.667293071747
0.665448188782
0.604310035706
0.6678378582
0.669806957245
0.946430206299
0.432840108871
0.452883005142
0.452481031418
0.420654058456
0.916849136353
0.527358055115
0.929714918137
0.514870882034
1.15428519249
0.928828001022
0.587624788284
0.546482086182
0.935421943665
0.676051139832
0.594258069992
0.531827926636
0.630953073502
0.445113897324
0.796319007874
0.436483860016
0.458880186081
0.756747961044
0.361045837402
0.479204893112
0.472408056259
0.500493049622
0.13697886467
0.52107000351
0.561812162399
0.645509004593
0.419308185577
0.527298927307
0.48176908493
0.659413099289
0.547749996185
0.624874830246
0.436979055405
0.532651185989
0.466051101685
0.405743837357
1.05518889427
0.55490398407
0.424213171005
0.542989969254
0.441105127335
0.706938028336
0.905997037888
0.454409122467
0.369745016098
0.426971197128
0.463583946228
0.416046142578
0.554255962372
0.56095790863
0.452701807022
0.606333017349
1.94935512543
0.710952997208
0.59832906723
0.470077037811
0.540380954742
0.485512971878
0.487416982651
0.474091053009
0.54763007164
0.381637096405
0.449928045273
0.508386135101
0.593950033188
0.506535053253
0.596676111221
0.488484144211
0.53370308876
0.785261869431
0.608025074005
0.599133014679
0.46980881691
0.481284856796
0.511285066605
0.653389930725
0.425539970398
0.238721847534
0.610911846161
0.424909114838
0.487303972244
0.61571097374
0.530934095383
0.528773069382
0.490368127823
0.434990882874
0.705776929855
0.435115098953
0.478368997574
0.501377105713
0.903478145599
0.626324892044
0.435583114624
0.411945104599
0.543016910553
1.18529200554
0.445418119431
0.555513143539
0.526601076126
0.409503936768
0.370923042297
0.648967027664
0.511510133743
0.205201148987
0.366044998169
0.454288005829
0.668306112289
0.602977991104
0.481256008148
0.772888898849
1.45003008842
0.911261081696
0.430282115936
0.625290870667
0.407456159592
0.628551006317
0.377970933914
0.494477033615
0.509251832962
1.33639597893
1.41507697105
0.0240440368652
0.664989948273
1.47580695152
0.400536060333
0.480235099792
0.459125995636
0.677346944809
0.48094701767
0.500524044037
0.515439033508
0.671370983124
0.482568025589
0.561649084091
0.416129827499
0.549186944962
0.555304050446
0.710345029831
0.524784803391
0.253298997879
1.16660690308
0.513650894165
0.752942085266
0.486302137375
0.632651805878
0.425523996353
0.55769777298
0.829269170761
0.530923128128
0.505094051361
0.445148944855
0.619528055191
0.465420007706
0.747452020645
0.466396808624
0.425399065018
0.672966957092
0.535286903381
0.475949048996
0.364171981812
0.44452214241
0.404119968414
0.402869939804
0.881256103516
0.494241952896
0.610255002975
0.485126018524
0.56117606163
0.568702936172
0.425768136978
0.495965003967
0.421430826187
0.371301174164
0.394416093826
0.819662094116
0.61553478241
0.481103897095
0.502365112305
0.599385976791
0.520812034607
0.468625068665
0.886314868927
0.487467050552
0.456037044525
0.477658033371
0.536328077316
0.618545055389
0.173567056656
0.674358129501
0.482391119003
0.453765869141
0.513195037842
0.459359884262
0.550887107849
0.575916051865
0.429221868515
0.702079057693
0.591864109039
0.615890979767
0.468704938889
0.671290874481
0.46299290657
0.4573969841
1.4027569294
0.51637506485
0.542912006378
0.452754020691
0.425114870071
1.31993293762
0.651113033295
0.483322143555
0.494626045227
0.42573595047
0.420654058456
0.716459989548
0.463845968246
0.413918018341
0.577940940857
1.79740190506
0.889698982239
0.654436826706
0.513685941696
0.32338309288
0.432459115982
0.43590593338
1.42188692093
1.1145169735
0.508723020554
0.525279045105
0.419255018234
0.409083127975
0.533720970154
0.579210042953
0.721836090088
0.45751786232
0.509119033813
0.475511074066
0.511704921722
0.512058019638
0.57128405571
0.954590082169
1.17223596573
0.804228067398
0.560001850128
0.535812854767
0.867760896683
0.457018136978
1.03521513939
0.386240959167
1.11358189583
0.543844223022
0.505936145782
0.452124118805
0.483870029449
0.397023916245
0.648765087128
0.623369932175
0.573431015015
0.507467985153
1.3029499054
0.550275087357
0.484649181366
1.0183300972
0.55029797554
0.695264816284
0.467257022858
0.444016933441
0.479551076889
0.580798864365
0.484102010727
0.554477930069
0.471571922302
0.508854150772
0.367371082306
0.543401002884
0.516805887222
0.543333053589
0.456434965134
0.440390110016
0.447924852371
0.450205087662
0.560319185257
0.55784702301
0.451612949371
0.52980017662
0.451899766922
0.436097145081
0.464550971985
0.512063026428
0.452554941177
1.17309594154
0.449318885803
1.1044049263
0.287852048874
0.443422079086
0.561303138733
0.396701097488
0.488128900528
0.608100891113
0.422644853592
0.436559915543
1.66883015633
0.464565038681
0.635011911392
0.437649011612
0.523972034454
0.40231180191
1.61254286766
0.516318082809
0.411108970642
0.560935974121
0.526650905609
0.356849908829
0.0977189540863
0.469816923141
0.451498031616
1.0490758419
0.490609884262
0.628524780273
0.810807943344
0.401655912399
0.474797964096
0.443073034286
0.790390968323
0.469892024994
0.550097942352
0.543063879013
0.448694944382
0.395695924759
0.360266923904
1.41136598587
0.596587896347
0.50824213028
1.66680383682
0.464426994324
0.411260843277
0.527496099472
0.667978048325
0.628000974655
0.447596788406
0.681963920593
0.470882177353
0.445580005646
0.438159942627
0.540943861008
0.454838991165
0.632899999619
0.564923048019
0.554049015045
0.545966863632
0.42803812027
0.609119176865
0.443645000458
0.478755950928
0.439527988434
0.484353065491
0.88770198822
0.414811849594
0.514276027679
0.462240934372
0.383590936661
0.607690095901
0.479391098022
0.486525058746
0.633790016174
0.589907169342
0.190633058548
0.626796960831
0.543213844299
0.523216962814
0.555407047272
0.458714962006
0.380803108215
0.506922960281
0.345176935196
0.505959033966
0.481801986694
0.424342155457
0.381256103516
0.508596897125
0.469460010529
0.528790950775
0.671756029129
0.410794019699
0.624732971191
0.461438894272
1.29975008965
0.51238489151
0.379984855652
0.450563907623
0.585181951523
0.515032052994
0.678838014603
0.603445053101
0.492986917496
0.525660991669
0.456299066544
0.413300037384
0.412566900253
0.439868927002
1.13638401031
0.523385047913
1.11853098869
0.479586839676
0.530483007431
0.409641981125
0.127184152603
0.365048885345
0.499727964401
0.517656087875
0.466842889786
0.445816040039
0.407582044601
0.508872032166
0.756278038025
0.465281963348
0.596424818039
0.42686009407
1.17897295952
0.0634500980377
0.421720981598
0.474797964096
0.501312971115
0.479666948318
0.582574129105
0.517855882645
0.789962053299
0.704362869263
0.490105867386
0.747493982315
0.476784944534
0.517851114273
1.84731006622
0.755235910416
0.700534105301
0.437621116638
0.495527982712
0.439249992371
0.557631969452
0.497591018677
0.383228063583
0.428807020187
0.471841096878
0.990365028381
0.769083976746
0.424531936646
0.729146957397
0.416450977325
0.55551981926
0.558275938034
0.465174198151
1.19284200668
0.63056397438
0.567451000214
0.537999153137
0.57679605484
0.480210065842
0.451310873032
0.432600021362
0.750365972519
0.51299405098
0.568428039551
0.594527959824
0.602889060974
0.410660982132
0.492229938507
1.33525180817
0.468364953995
0.526226043701
0.468068122864
0.570913076401
0.448171854019
0.462255954742
0.491582155228
0.490721940994
0.598225831985
0.691490888596
0.604342937469
0.565577983856
0.371933937073
0.456617116928
0.275614976883
0.521040916443
0.565553188324
0.45978808403
0.472912788391
0.132107019424
0.436085939407
0.629189014435
0.48375415802
0.474347114563
0.489315032959
0.550970077515
0.798326015472
0.759238958359
0.533527851105
0.523180961609
0.518904209137
0.5467441082
0.371027946472
0.485589981079
0.534328937531
0.417044878006
0.709990024567
0.58080291748
0.493682146072
0.46656703949
0.880743980408
0.669811010361
0.463024139404
0.505370855331
0.611665010452
0.464357852936
0.754636049271
0.621961832047
0.502690076828
0.87314414978
0.46667098999
0.49356508255
0.520396947861
0.493404150009
0.505068778992
0.39234995842
0.484639883041
0.658571958542
0.764266014099
0.699840068817
0.455821037292
0.41464304924
0.813081026077
0.46765089035
0.486653089523
0.543695926666
0.501101970673
0.612291097641
0.475531816483
0.715707063675
0.887212991714
0.395440816879
0.514882802963
0.480082988739
0.40668797493
0.580043077469
0.587882041931
0.727244853973
0.129966020584
0.474198818207
0.472126960754
0.53120803833
0.339110851288
0.435956001282
0.483186006546
0.532449007034
0.591606855392
0.549263954163
0.833097934723
0.965601921082
0.550358057022
0.596334934235
0.134535074234
0.742404937744
0.4411008358
0.649349927902
0.461156845093
0.930461168289
1.09326100349
0.544095039368
1.16818594933
0.926567077637
0.432346820831
0.124011993408
0.443704843521
0.486401081085
0.418550014496
0.475210905075
0.555217027664
1.08955097198
0.510704040527
0.584796905518
0.478343009949
0.532248020172
0.406951904297
0.389844894409
0.551301956177
0.351319789886
0.444955825806
0.46150803566
0.380867004395
0.566008090973
0.559369087219
0.519109010696
0.473686218262
0.489879131317
0.543968915939
0.531928062439
0.592905044556
0.480208158493
0.588036060333
0.496877908707
0.508876085281
0.773292064667
0.480386018753
0.655708789825
0.42102098465
0.517252922058
0.531147956848
0.193604946136
0.946758985519
0.536731004715
0.57035779953
0.862833976746
0.505789995193
0.517894983292
0.580760955811
0.791809082031
0.607395172119
0.394207954407
0.425364971161
0.717126846313
0.593307971954
0.508741140366
0.495198011398
0.523463964462
0.516941070557
0.417238950729
0.471615076065
0.455768108368
0.657080888748
0.432009935379
0.462349891663
1.08550786972
0.520934104919
0.422142982483
0.443858861923
0.56970000267
0.533782958984
0.855621814728
0.457225084305
0.676994085312
1.10315299034
0.586565971375
0.59840798378
0.448709011078
0.450377941132
0.546845912933
0.437872886658
0.652086019516
0.591763973236
0.645756959915
0.470865011215
0.558645009995
0.604815006256
0.623991012573
0.519445180893
0.539392948151
0.492175102234
0.446969032288
0.411612987518
0.450427055359
0.739300012589
0.739767074585
0.196000099182
0.551151990891
0.738389015198
0.499786138535
0.486607789993
0.404815912247
0.481374025345
1.12632012367
0.541234016418
0.461441993713
0.496205806732
0.720848083496
0.617294073105
0.485799789429
0.506237030029
0.417117118835
0.531819105148
0.621255874634
0.426613092422
1.2480340004
0.56836605072
0.54036283493
0.739646911621
0.549301147461
0.465591907501
0.476475954056
0.619386911392
0.551166057587
0.442026138306
0.435436010361
0.898709774017
0.457329034805
0.688765048981
0.54173207283
0.493627786636
0.493355989456
0.528648853302
0.584925174713
0.494896173477
0.588248968124
0.498352050781
0.477115869522
0.72789812088
0.60453915596
0.404006004333
0.440827846527
0.513479948044
0.558657884598
0.626891851425
0.483131885529
0.447476148605
0.47044301033
0.539907932281
0.476721048355
0.549198865891
0.641206979752
0.567179918289
0.424191951752
0.490050077438
0.392567873001
0.119796037674
1.15476083755
0.528869867325
0.50345492363
1.14719009399
0.487421989441
0.537348031998
0.542914152145
0.479799032211
0.7553191185
0.478695869446
0.555176973343
0.481817007065
0.491326093674
0.483011007309
0.281066894531
0.515586853027
1.31474781036
0.513702869415
0.521615982056
0.417177915573
0.501003980637
0.471349000931
0.523046970367
0.51712179184
0.445088863373
0.43944811821
0.498003005981
0.866500854492
0.793203115463
0.758946895599
0.862555027008
0.358495950699
0.516317844391
0.64180803299
0.505092859268
0.405262947083
0.485100984573
0.519061088562
0.485342025757
0.99026799202
0.48601603508
0.464267969131
0.417600870132
0.43105506897
0.367159128189
0.51518702507
0.525954008102
0.164803028107
0.477941989899
0.699522018433
0.407725095749
1.48517894745
0.380202054977
0.467813968658
1.07915091515
0.503468990326
0.865131855011
0.540462970734
0.416108131409
0.382079124451
0.180758953094
0.508646011353
0.624251842499
0.895979881287
0.916905879974
0.449380159378
0.403789043427
0.527383089066
0.584555149078
0.684051036835
0.813997030258
0.17851805687
1.08703804016
0.854651927948
0.554579019547
0.707324981689
1.28061795235
0.503342151642
0.540916919708
0.4859790802
0.48272895813
1.16546607018
0.547629117966
0.460447072983
0.597161054611
0.510416984558
0.665040969849
0.455729961395
0.45356798172
0.450469970703
0.629175901413
0.509130001068
0.542657136917
0.526307106018
1.1532099247
0.729794979095
0.412708997726
0.891661882401
0.442762851715
0.588184833527
0.736185073853
1.05940699577
0.799478054047
0.686765909195
0.383713006973
0.715687990189
0.611557006836
1.18015694618
0.456979036331
0.535769939423
0.162722826004
0.804406881332
0.554006099701
0.881914138794
0.540579080582
0.557512998581
0.605015993118
0.475948095322
0.459383010864
0.489459037781
0.435639858246
0.914753913879
0.491660118103
0.490662097931
0.482750177383
0.474020004272
0.196796178818
0.528250932693
0.529896020889
0.506814002991
0.514128923416
0.464009046555
1.16794490814
0.538562059402
0.519865989685
0.448529958725
0.601535081863
0.490956068039
0.432487010956
0.457710027695
0.0450508594513
0.527371168137
0.625207901001
0.510554075241
0.469324111938
0.429309844971
0.441927194595
0.481685876846
0.677529096603
0.39556479454
0.551651000977
0.937087774277
0.425650119781
0.716662883759
0.694694042206
0.396751880646
0.600701093674
0.632416963577
0.79807806015
0.558588027954
0.506433010101
0.719630002975
0.43922495842
1.10668706894
0.485190153122
0.435647964478
0.402631044388
0.508723020554
0.44357085228
0.440263986588
0.636155843735
0.545392990112
0.59096288681
0.0811338424683
0.483278036118
0.478667974472
0.679936170578
0.496061086655
0.508155107498
0.559278011322
0.612911939621
0.504958868027
0.510550022125
0.59411406517
0.391882896423
0.519814014435
0.497992992401
0.317450046539
0.477514982224
0.515367031097
0.50097823143
0.652103900909
0.507447957993
0.473967075348
0.514703989029
0.6494140625
0.502967119217
0.453633069992
0.70650601387
0.457884073257
0.688840150833
0.557261943817
0.77628993988
0.486448049545
0.410796165466
1.12902092934
1.45022988319
1.00825405121
0.480895042419
0.607856035233
0.514918804169
0.498299837112
0.805591821671
0.634964227676
0.389290094376
0.557499885559
0.431152820587
0.392586946487
0.529664993286
0.465569019318
0.559157848358
0.563261985779
0.529839992523
0.492649078369
0.565041065216
1.08050584793
0.660264015198
1.01017904282
0.615886926651
0.980782032013
0.457551002502
1.38081979752
0.61659693718
0.570111989975
0.57067489624
0.674119949341
0.54388999939
0.731199979782
0.619390964508
1.38804793358
0.511024951935
0.481696128845
0.985692024231
0.485851049423
0.465286016464
0.578090906143
0.61913895607
0.584947109222
0.628234148026
0.446877002716
0.576920986176
0.484920024872
0.603667974472
0.494313001633
1.06303191185
0.526891946793
0.63138794899
0.543962955475
1.73102712631
0.921133995056
0.740431070328
0.57053399086
0.592736959457
0.559252977371
0.650104045868
0.28883600235
0.405095100403
0.497471809387
0.561682939529
0.616701126099
0.525103807449
0.587924003601
0.447501897812
1.38179016113
0.424755096436
0.531378984451
0.489926815033
0.508888959885
0.653633832932
0.491744041443
0.492311954498
0.408711194992
1.12685203552
0.504381895065
0.362021923065
0.733705997467
0.370866060257
0.463923931122
0.527138948441
0.506997108459
0.742063999176
0.577142953873
0.128098964691
0.581654071808
0.577129840851
0.420431137085
0.617250204086
0.494164943695
0.563991069794
0.924694061279
0.513498067856
0.555047035217
0.516705989838
0.416953086853
0.551321029663
0.437483072281
0.541067123413
0.555400133133
0.614977121353
0.820591211319
0.478562116623
0.444658994675
0.439993858337
0.597352027893
0.538630962372
0.565285921097
0.595791101456
0.452090978622
0.539342880249
0.55196595192
0.460638046265
0.749737024307
0.481387138367
0.360763072968
0.581205129623
0.477756023407
0.628999948502
0.451714038849
0.453883886337
1.16248488426
0.453878164291
0.405792951584
0.433918237686
0.447886943817
0.507246017456
0.541599988937
0.525609016418
0.575289964676
0.462937116623
0.612868785858
0.446976900101
0.469605922699
0.235138893127
0.177041053772
0.45504784584
1.41639590263
0.425696134567
0.863946914673
0.400857925415
0.556510925293
0.486196041107
0.741060972214
0.578016996384
0.402487039566
0.433604001999
0.448856115341
0.478128910065
0.614143848419
0.449393987656
0.496001958847
0.475672006607
1.29595398903
0.561384916306
0.539087057114
0.472764968872
0.651473999023
0.445708036423
0.475763082504
0.499754905701
0.656204938889
0.424504995346
0.532880067825
0.649486064911
0.728531837463
0.479840040207
0.474877119064
0.510520935059
0.436635017395
0.408569097519
0.45805811882
0.487112998962
0.480891942978
0.419482946396
0.675849914551
0.436947822571
0.996293067932
1.1431350708
0.540188789368
0.785752058029
0.580909967422
0.555365085602
0.791870117188
0.467232942581
0.123281955719
0.539878129959
0.487082958221
0.50607585907
0.58525800705
0.479384183884
0.435944080353
0.536492824554
0.462983131409
0.55882191658
0.490444898605
0.494755029678
0.773144006729
0.431119918823
0.538009881973
0.5774269104
0.467344999313
0.510095119476
0.564793109894
0.490854024887
1.29310011864
0.489022016525
0.557945013046
0.432901859283
0.524070978165
0.525807857513
0.592746973038
0.518013954163
0.952971935272
0.519812107086
0.427307844162
1.09339308739
0.458945035934
0.549653053284
0.479519128799
0.946101903915
0.48353099823
0.969388961792
0.565877914429
0.443545103073
0.436366081238
0.484138965607
0.57298207283
0.730445146561
1.32459497452
0.518148899078
0.728497028351
0.452733039856
0.568013906479
0.655521154404
0.181608915329
0.167328834534
0.45973110199
0.48160815239
0.477069139481
0.431761026382
0.462469100952
0.561542987823
0.47069811821
0.452580213547
1.04525279999
0.443373918533
0.562343120575
0.434253931046
0.388244867325
0.506650924683
0.483283996582
0.513432979584
0.419998168945
0.851223945618
0.433864116669
0.546993970871
0.51265501976
0.392274141312
1.42633509636
0.497554063797
0.558621168137
0.596544027328
1.06082510948
0.502691030502
0.457387924194
0.522294044495
0.482228040695
0.49050784111
0.459686994553
0.525819063187
0.448538064957
0.623065948486
0.461962938309
0.604568004608
0.45077586174
0.477244853973
0.566256999969
1.1240298748
0.350420951843
0.560846090317
2.76831316948
0.486841201782
0.487384796143
0.551940917969
0.423502922058
0.518702983856
0.504909038544
0.610471963882
0.523944854736
0.47890496254
0.479087114334
0.458050966263
0.423534154892
0.908227920532
0.382168054581
0.882223844528
0.512964010239
0.498548030853
0.632153987885
0.452360868454
0.493147134781
0.592492103577
0.56248998642
0.614473104477
0.450246095657
0.426107883453
0.481689929962
0.556298971176
0.791388988495
0.593907117844
0.561595201492
0.590712070465
0.445274114609
0.43536400795
0.488155126572
0.722914934158
0.450650930405
0.468883991241
0.447366952896
0.527056932449
0.964447021484
1.08456993103
0.345941066742
0.605479955673
0.47766494751
0.656558990479
0.51639008522
1.30619096756
0.968491792679
1.09490799904
0.491353988647
0.554759025574
0.462596893311
0.513892889023
0.6955909729
0.44070315361
0.702350854874
0.545231819153
0.675570964813
0.405254840851
0.8912961483
0.446322202682
0.494257926941
0.939321041107
0.568547010422
0.519829034805
0.503847837448
0.445736885071
0.460518121719
0.40248799324
0.495913028717
0.520645141602
0.413702964783
0.494349956512
1.14859700203
0.46808385849
0.515607833862
0.636939048767
0.50319314003
0.782333850861
0.547549962997
0.46570110321
0.412358999252
0.5339179039
0.93182516098
0.495473861694
0.725006103516
0.44765496254
0.455384969711
0.516513109207
0.388329982758
0.463697195053
0.399302005768
0.430938959122
0.481236934662
0.458729982376
0.523480892181
0.514097929001
0.516366004944
0.967927932739
0.525703191757
0.57888007164
0.373528003693
0.162109851837
0.734241008759
0.61177110672
0.48345708847
0.73503112793
0.387805938721
1.16778802872
0.367406129837
0.993027925491
0.756734848022
2.13026881218
0.5148229599
0.580378055573
0.537462949753
0.417230129242
0.449084043503
1.12917089462
0.532678127289
0.477138996124
0.46474480629
0.409811019897
0.494505167007
0.579136133194
0.886486053467
0.623755931854
0.41534781456
0.386162996292
0.400526046753
0.658850908279
0.573632001877
0.591741085052
0.703589916229
0.511708021164
0.442176818848
0.478129148483
0.56979393959
0.574576854706
0.473062992096
0.809859991074
0.532232046127
0.494423151016
0.430563926697
0.63761305809
0.537337064743
0.440300941467
0.721699953079
0.678850889206
0.521536111832
0.448704957962
0.406340122223
0.476873159409
0.573204040527
0.490747928619
0.678874969482
0.459595918655
0.439732074738
0.496761083603
0.568474054337
0.521692037582
0.352813005447
0.490832090378
0.532484054565
0.528631925583
0.493146181107
0.392649173737
0.659044027328
1.03850603104
0.462983131409
0.508381128311
0.460610151291
0.531672954559
0.482752084732
0.555168867111
0.558777093887
0.43036699295
0.485059976578
0.455251932144
0.526179075241
0.531316995621
0.511301994324
0.409669160843
0.48431801796
0.739427089691
0.45495390892
0.363440036774
0.518609046936
0.440832853317
0.571928977966
0.441110134125
0.637945890427
0.672127008438
0.461720943451
0.44218993187
1.41002011299
0.544403076172
0.574643850327
0.558615922928
0.73487496376
0.561950922012
0.546464920044
0.642337799072
0.408794879913
1.05779910088
0.454147815704
0.511735916138
0.751284122467
0.550784111023
1.60768413544
0.48229598999
0.617682933807
1.00096988678
0.602383136749
0.537927865982
0.574246883392
0.911004066467
0.462754011154
0.569856882095
0.516561985016
0.461968898773
0.731612205505
0.460276842117
0.634021997452
0.470571041107
0.583722829819
0.882184028625
0.438976049423
0.75737285614
0.511915922165
0.5855281353
0.49947309494
0.430995941162
0.796531915665
0.390428066254
0.442374944687
0.971431970596
0.456212997437
0.600374937057
0.399445056915
0.6135160923
1.09647798538
0.824526071548
0.47096991539
0.443010807037
0.449239969254
0.527453899384
0.632812023163
0.484439849854
0.551163911819
0.647818088531
0.486620903015
0.467785835266
0.421813011169
0.426143169403
0.743623971939
0.45690202713
0.881310939789
0.557079076767
0.583920955658
0.508781909943
0.410264015198
0.495988130569
0.47012591362
0.541402101517
0.481227874756
0.456106901169
0.548212051392
0.765929937363
0.418935060501
0.527508974075
0.453763008118
0.572140932083
0.697334051132
0.567500114441
0.422204017639
1.08114504814
0.605690956116
0.414949178696
0.462069988251
0.581938028336
0.525466918945
0.603626012802
0.491991996765
0.503483057022
0.552722930908
0.430207967758
0.475425004959
0.502816915512
0.521854877472
1.25081396103
0.768233060837
0.474239110947
0.466291189194
0.643646001816
0.502397060394
0.379796028137
1.41723203659
0.490584135056
0.605562925339
0.573461055756
0.511636018753
1.26143193245
0.475372076035
0.400277137756
0.800492048264
0.475213050842
0.485472917557
0.734029054642
0.458389043808
1.33763504028
0.476499080658
0.685945034027
0.12326002121
0.548472166061
0.420352935791
1.26564908028
0.489504814148
0.456920146942
0.531162977219
0.497008800507
0.523062944412
0.454257011414
0.480340003967
0.570582866669
0.461776018143
0.132150888443
0.565291881561
1.11040401459
0.477322101593
0.50421500206
0.439398050308
0.364138126373
0.480292081833
0.533473968506
1.22371196747
0.412971973419
0.677326917648
0.791245937347
0.735447883606
0.888966083527
1.1209192276
0.386442184448
0.519383907318
0.498904943466
0.492327928543
0.518800973892
1.02523899078
0.456007003784
0.493748903275
0.443745136261
0.487215042114
0.490922927856
0.473755836487
0.500663042068
0.478573799133
2.485476017
0.572865009308
0.466465950012
0.576200962067
0.490324020386
0.975709915161
0.348700046539
0.890923976898
0.499457120895
0.556523799896
0.818096876144
0.392153978348
0.441749095917
0.493103981018
0.191848993301
0.519582033157
0.677284002304
0.642130851746
0.432162046432
0.466111183167
0.820764064789
0.483404159546
0.393008947372
0.471107959747
0.693727970123
0.581944942474
1.64058303833
0.481940031052
0.700001001358
0.54593205452
0.408277988434
0.542737007141
0.811558008194
0.533262968063
0.465021848679
0.733116149902
0.654995918274
0.430203199387
0.421479940414
0.723935127258
0.385231971741
0.515168905258
0.503166913986
0.464638948441
0.431085824966
0.39312005043
0.438735961914
0.484661102295
0.552150964737
0.508130073547
0.438786029816
0.999286174774
0.465721845627
0.564141988754
0.428345918655
0.584866046906
0.420475959778
0.416010856628
0.204538106918
0.549968957901
0.531455993652
0.460515975952
0.404289007187
0.565164804459
0.559121131897
0.170706987381
0.700366020203
0.458914041519
0.367146968842
0.431712150574
0.136222839355
0.800316095352
0.510817050934
0.475853919983
0.545690059662
0.582772016525
0.387229919434
1.79728507996
0.434085130692
0.502083063126
0.395256996155
0.480820894241
0.452633857727
0.494939088821
0.51568198204
0.552786111832
0.507624149323
0.413367986679
0.51450586319
0.496021032333
0.687417984009
0.774533987045
0.428508043289
0.712423086166
0.520547151566
0.449329853058
0.534424066544
0.454451084137
0.415102005005
0.450329065323
0.422055959702
0.517554044724
1.11429095268
0.511849164963
0.493360042572
0.55530500412
0.486527919769
0.499810934067
0.49694609642
0.560790061951
0.758510112762
0.680451869965
0.519147872925
0.683816194534
1.07423710823
0.493708848953
0.34706902504
0.410489082336
0.372488021851
1.05542492867
0.487018823624
0.510782003403
0.695175170898
0.375314950943
0.41301202774
0.480748176575
0.475164890289
1.08267903328
0.468631982803
0.506062030792
0.486794948578
0.508432865143
0.440270900726
0.445948839188
0.86340713501
0.457473039627
0.444020986557
0.621039152145
0.431189060211
0.489092111588
0.547063112259
0.597464084625
0.428741931915
0.791931152344
0.425034046173
0.63371014595
0.46294093132
0.620621919632
0.503212928772
0.38179397583
0.453423976898
0.678895950317
1.14787793159
0.531621932983
0.419414043427
0.43931221962
0.605623960495
0.545786142349
0.662957906723
0.830741882324
0.578856945038
0.51229596138
0.649434089661
0.557157039642
0.472800016403
0.596662998199
0.484069108963
1.56187105179
0.435198068619
0.621861934662
0.477978944778
0.544897079468
0.472527980804
0.57799911499
