6.03990292549
5.88671207428
5.97976016998
7.793446064
7.67558503151
6.40953588486
5.93542194366
10.8738319874
6.18568110466
6.614798069
6.26841688156
6.34721398354
7.65339183807
6.67129707336
6.95696115494
6.47248101234
6.67857694626
6.40793800354
7.20297193527
10.4059491158
6.5193631649
7.11348509789
6.48933506012
6.59840512276
6.02244496346
6.46048593521
7.47025990486
6.66223406792
6.45704197884
7.24937105179
8.61549806595
7.19473981857
6.18708181381
6.49012112617
5.86695504189
6.96677899361
6.90866303444
6.03543901443
6.88358688354
6.10862612724
6.91757488251
6.12583208084
6.41571211815
6.38424611092
6.40242409706
6.63625097275
7.40726804733
6.23414587975
6.31191897392
6.13218307495
6.47832489014
6.24780988693
6.91832113266
6.2656018734
7.21067690849
6.66134619713
6.65919113159
6.19867086411
6.2205491066
5.97285795212
7.20299386978
6.48663187027
5.97770500183
6.06741404533
6.53441500664
6.05795311928
5.89387106895
6.08496499062
6.87182617188
6.18884301186
6.39631390572
6.32743597031
6.84341907501
6.2382850647
8.19618916512
6.46837997437
6.24537181854
5.8118159771
6.90925693512
7.78724193573
6.22881817818
6.21266388893
6.60681509972
8.77710700035
7.19100093842
6.14610695839
6.85091590881
6.44568395615
8.0099170208
6.25934791565
7.35702300072
6.02013897896
6.12400984764
6.38823080063
6.62441205978
6.17110300064
6.81684088707
6.24679398537
5.98440504074
6.91092205048
6.51552796364
7.00791788101
6.49046802521
6.18886303902
6.69111299515
7.61713194847
6.84580612183
6.87315011024
6.60785484314
6.70931601524
7.4077808857
7.27965497971
6.50881409645
6.78102087975
6.87050080299
6.49491405487
6.05108594894
5.5801410675
6.4522960186
6.12102293968
6.60486912727
6.46345305443
6.6683280468
6.76783800125
5.93468999863
6.08182406425
6.32522392273
6.7540140152
6.42571210861
6.524985075
7.94466781616
6.63761115074
6.62875294685
6.14750409126
6.88271522522
6.17687821388
6.92147302628
6.60756993294
6.72887301445
7.84010887146
6.8026599884
6.49486088753
6.98405909538
5.83437609673
6.33811998367
6.54196214676
6.28280520439
8.15758490562
6.24723601341
7.16365909576
7.06091117859
6.89097309113
7.77165007591
8.59534192085
6.30329585075
6.68750095367
6.09484696388
9.99471092224
6.88434791565
7.22316002846
7.00722694397
6.26680111885
6.01414895058
6.64298295975
6.59072613716
7.25901699066
7.1960041523
6.72829198837
8.55353403091
6.56049799919
6.34309911728
6.44868183136
7.61234211922
6.55259799957
5.75888609886
7.95324587822
6.17957019806
6.92423701286
6.1557700634
6.71326398849
6.11049795151
7.08002901077
6.04337000847
6.28355503082
6.55701398849
6.24283504486
6.30862689018
6.82072281837
6.92788100243
5.79377508163
7.18736791611
6.56590795517
6.86973381042
6.27845811844
5.88889884949
6.21222114563
7.62016415596
7.09889316559
6.25318408012
6.14493393898
6.46766209602
6.60497307777
6.15427184105
9.3490960598
6.34674286842
6.82547307014
6.8508579731
6.61798000336
6.22013998032
6.82243204117
5.916203022
6.80897402763
6.22808790207
5.99361896515
5.82483696938
6.21004104614
6.46109509468
8.75971698761
8.05613088608
7.16917395592
6.85161685944
6.11088299751
6.54599905014
6.58850502968
6.69389605522
6.6533780098
6.97108983994
6.78781700134
6.01859307289
6.81613898277
5.98709893227
6.59455704689
6.90757608414
7.01687884331
6.24324417114
6.18796491623
7.37068390846
5.97806882858
10.1487650871
6.09511899948
6.57670593262
6.18588995934
6.28331804276
6.6009850502
6.03830599785
7.06895899773
6.89234185219
6.91964888573
8.17850780487
6.54308104515
7.47266411781
6.37244606018
7.2816991806
6.30844187737
6.3366060257
6.26329398155
6.37558698654
7.41785287857
7.76009893417
6.81000781059
6.63850402832
6.93900799751
6.69035792351
6.89890599251
6.42263388634
6.20376801491
7.47274684906
6.35573792458
7.05016613007
7.82536697388
6.3478140831
6.67670202255
5.91276502609
7.24622392654
8.409085989
6.54746699333
6.39335513115
7.44489693642
6.70361495018
6.80337691307
6.46091794968
6.21628212929
6.22689199448
6.19015002251
6.95382905006
7.80927205086
5.91331195831
7.02535104752
6.00034284592
6.75089383125
7.10376310349
7.04552102089
6.31212902069
6.18547701836
7.04290604591
6.76162290573
6.28679394722
6.19052791595
6.31367397308
6.51512002945
6.46893310547
6.06642794609
6.65470290184
6.60393285751
6.29147386551
6.25562691689
6.6056599617
6.85606980324
6.41698789597
6.47578310966
6.47909593582
6.58737111092
6.32116007805
6.4013979435
6.43790102005
6.60771894455
7.07322692871
6.54289197922
6.61498308182
5.68635702133
6.51514983177
6.85333704948
6.04026699066
6.87750315666
6.19202184677
8.34551596642
7.35078907013
6.50926208496
6.59828805923
5.98626613617
6.60181808472
7.75271201134
9.39316487312
6.3910279274
6.85307312012
7.47554421425
6.18266201019
6.52649998665
6.45265102386
6.47597408295
6.35795998573
7.54523801804
7.08800983429
6.61803889275
6.1383099556
6.73425292969
7.9462518692
7.40057301521
7.19167780876
6.74572515488
8.25345897675
6.16985106468
6.72186589241
6.37151408195
7.96006989479
6.30439805984
6.37533402443
6.29189515114
7.71267294884
7.0037419796
7.61177206039
9.42322206497
7.15613698959
6.30064892769
6.61532402039
6.47234582901
6.48262906075
6.09414696693
6.07938194275
6.36124610901
6.69817185402
7.29584908485
6.65509915352
7.01369905472
6.41095113754
7.54835510254
7.28586101532
6.38709998131
7.01231908798
6.99254798889
6.4399561882
6.65820598602
6.06821393967
6.29637408257
6.83614206314
7.0882101059
5.80590891838
6.70675706863
7.79141783714
6.04792690277
6.40505290031
8.900826931
6.76977014542
6.69520807266
6.01204109192
6.65172386169
7.65636181831
7.522742033
7.05498504639
7.09556007385
6.19541192055
7.15872621536
6.24277901649
6.43663907051
9.19321203232
6.47508502007
7.12160301208
6.73908209801
6.74076795578
6.21445798874
6.03042316437
6.91324996948
6.11226511002
6.53362488747
6.98590707779
6.47732186317
6.79339313507
6.32142806053
6.82999014854
6.54183912277
7.21167302132
5.866065979
7.25777816772
7.38263702393
6.26691389084
6.58131599426
6.4956870079
7.85159111023
7.24037408829
5.99209880829
6.76864504814
6.54566907883
6.54508113861
7.65311312675
6.96738600731
6.28821396828
6.0254240036
6.400370121
8.46590518951
6.24746608734
7.11772704124
7.03407096863
7.57852101326
6.52429080009
7.30841684341
7.30659890175
6.59866595268
7.03541588783
7.38286089897
6.83780407906
8.61684298515
5.75585389137
7.04714107513
7.14951992035
6.86104798317
6.32223892212
6.237803936
6.9852938652
6.27690386772
7.55705094337
6.80425000191
8.00215005875
6.40399312973
6.27850294113
7.12440991402
7.0004119873
9.05552792549
6.28271698952
6.45510005951
6.78721308708
8.27453494072
6.71908307076
6.18940997124
8.08761811256
6.72878479958
6.72449707985
6.52068305016
6.73944807053
6.50841403008
6.5705139637
6.37355399132
6.3803730011
6.95344805717
6.40188908577
7.24508810043
6.4553630352
6.5559592247
7.03364682198
6.36695194244
6.02132797241
6.33438181877
7.59271812439
6.16079306602
6.31833791733
6.19320988655
7.4068210125
6.50877404213
6.58533000946
7.33450508118
6.17120099068
7.29466295242
6.56687998772
6.00206708908
6.15826296806
8.23766207695
5.9240899086
6.36755180359
6.22489309311
7.34183096886
6.6843829155
6.38156294823
6.65286588669
7.22642397881
8.33356809616
5.8175368309
7.00026702881
6.41189002991
6.50987696648
6.77033877373
6.56879210472
5.89049601555
6.77450084686
6.55076098442
5.89257383347
6.10101890564
6.16436290741
6.66066622734
6.31080198288
6.15632414818
6.45060396194
6.38278007507
7.56095504761
6.05530905724
6.01546788216
7.70361018181
7.48799395561
8.33002591133
5.99514389038
7.40323090553
7.03003191948
6.78798294067
7.03814506531
6.36858201027
7.30818510056
6.34339189529
5.78934311867
7.77090215683
6.82171392441
6.51416397095
6.36251807213
6.88918709755
8.66691708565
7.58572912216
6.02927279472
6.93068289757
6.64682507515
6.9419901371
6.86599183083
6.21473693848
6.09165596962
6.40688586235
6.67261600494
6.8306479454
5.99774289131
5.63704299927
6.2314851284
5.73589515686
9.13749098778
6.76771521568
6.35169696808
6.23046088219
6.62157487869
6.32812404633
8.04516720772
6.93858885765
6.19797897339
7.3478500843
7.29548406601
6.55283403397
5.93560099602
7.52423191071
6.94237399101
5.88053011894
6.83996701241
6.65580582619
6.12665009499
6.86443591118
7.91898202896
6.15145611763
6.39980196953
6.97513985634
6.10130214691
6.35399699211
6.90480184555
6.6363260746
6.81320691109
6.48070693016
6.50815796852
6.56610989571
7.04883003235
6.06759691238
6.73669600487
6.08381080627
6.60809493065
6.48558497429
6.72330093384
6.3137960434
5.81672096252
5.76390123367
6.23602700233
8.23071098328
6.07430887222
10.3754110336
6.4668340683
5.9413330555
6.33322906494
6.81741905212
6.91593408585
6.14233899117
6.59360313416
6.32178878784
6.15136504173
6.12287783623
6.1375169754
7.3933699131
6.13964796066
6.4047908783
6.37450504303
6.96435809135
6.0592341423
6.27613806725
7.5960290432
7.26195812225
6.30370807648
6.47788214684
6.12956404686
6.57214212418
6.56097006798
6.27364110947
6.32701897621
6.01884698868
