1.02330613136
0.958483934402
0.680117845535
1.29318714142
0.835328102112
1.57118701935
0.844085931778
1.16711997986
0.883926153183
0.796464204788
0.763195991516
1.2377641201
0.770570993423
0.612262010574
0.819474935532
0.956601858139
0.721071004868
0.632290124893
0.621710062027
1.01292800903
0.738821029663
1.02128505707
0.664341926575
0.709045886993
1.48761296272
0.661393880844
1.11737918854
0.772094011307
0.66207909584
1.13789892197
0.826465129852
0.872282028198
0.742774009705
0.776986837387
1.05197405815
0.846612930298
1.1025788784
0.670675039291
0.927789926529
0.669162034988
0.867074012756
0.71043419838
2.77607917786
0.790452003479
1.40217995644
0.789853096008
1.11015701294
1.03379201889
0.748547077179
0.824672937393
0.946588039398
0.762233972549
0.847508192062
1.02702689171
0.928005933762
1.04518485069
0.990322113037
0.910778999329
0.768640995026
0.897653102875
1.02043890953
1.14706087112
0.718496084213
1.09206199646
0.795042991638
0.690085887909
0.817770004272
0.898256063461
0.675343990326
0.930918931961
0.670820951462
0.78854393959
0.69922709465
1.73980093002
0.843532085419
1.5374610424
0.723775863647
1.16118001938
0.894690990448
0.974939823151
1.08500099182
0.780447006226
0.657255172729
0.661583900452
0.684855937958
0.689444065094
0.675832033157
0.711400032043
1.00776004791
0.695406913757
0.809948921204
0.750504970551
0.805295228958
0.873376131058
0.821179866791
0.993211984634
1.16769599915
1.97842788696
1.55767703056
0.697926044464
0.763038873672
0.986053943634
0.683087110519
1.3372938633
0.893027067184
0.8184030056
1.06169199944
1.08563494682
0.922765016556
1.76411914825
0.813929080963
0.875627040863
0.720095872879
0.733680009842
0.780841827393
0.701522111893
0.730359077454
0.638662099838
0.723443984985
0.621184110641
1.17530322075
0.696171045303
1.19314908981
0.828266143799
0.733893871307
1.16640806198
0.750180959702
1.81995201111
0.671349048615
1.04896903038
1.12461996078
1.15676403046
1.46611595154
0.938429117203
1.48499393463
0.964824914932
0.843533992767
0.967316150665
0.751667022705
0.822393894196
1.35671806335
0.736112833023
0.765925884247
0.932548999786
0.887628078461
0.994854927063
0.663537025452
1.51467084885
0.941670894623
1.75952196121
0.713204860687
1.0141210556
0.733494997025
0.724708080292
0.94632101059
0.811863899231
0.680458068848
0.775946855545
0.662132978439
0.734485149384
1.1071369648
0.788385868073
0.843257904053
0.834959983826
1.29114294052
0.709229946136
0.694636821747
0.807455062866
0.767504930496
0.715417861938
1.53036403656
0.795292854309
0.729616880417
0.811471939087
0.94565486908
0.723333835602
0.654162883759
1.46956896782
0.846980810165
0.773131847382
0.86527299881
0.652534008026
0.81213092804
0.817997932434
0.989550113678
0.714481115341
0.797287940979
0.885172128677
0.626028060913
0.738218069077
0.76868891716
1.29584884644
0.990601062775
0.702283143997
0.878187179565
0.747936010361
0.864799022675
0.719707012177
1.30591201782
0.745104074478
0.707362174988
0.871113061905
0.68963599205
1.70903277397
0.822174072266
0.846283912659
0.753585100174
0.84893989563
0.940382957458
1.56171488762
1.24525594711
1.80220484734
0.900701999664
1.27301812172
0.685439109802
0.836601018906
1.11652112007
0.911521911621
0.97588300705
0.72652387619
0.714087963104
1.12654900551
0.894978046417
0.891778945923
0.772716999054
0.952337026596
1.24728393555
0.782098054886
0.665616035461
0.975255966187
0.950790882111
0.8744328022
0.892993927002
0.729676961899
0.788584947586
1.19815587997
0.872997045517
1.36379218102
0.747949123383
0.844391107559
0.926959037781
0.949708938599
0.727035045624
0.734375
0.799319982529
0.771128177643
0.759979963303
1.21371006966
0.629582881927
0.836945056915
0.810600042343
0.791218996048
0.785952091217
1.6531791687
0.834986925125
0.868402004242
1.07275915146
1.06631302834
0.831774950027
1.0369849205
1.15062594414
0.751283884048
0.787021875381
0.793035984039
0.715111970901
0.736167192459
0.934795856476
0.778148889542
0.914491891861
0.729061841965
0.706848859787
0.840548038483
0.706135988235
0.654973983765
0.659597158432
0.773400068283
0.914891004562
1.04968094826
0.873739957809
1.08572506905
0.810743093491
0.719274997711
0.809539794922
0.72850894928
0.92898106575
0.707503080368
0.851505994797
0.943291902542
0.798064947128
0.667638063431
0.669700145721
0.762430906296
0.727344036102
1.24887514114
0.889985799789
0.746276140213
1.321434021
0.787277936935
0.771705150604
1.22928905487
0.97563791275
0.796372890472
0.801044940948
1.23713994026
0.845459938049
0.711701869965
0.795749902725
1.10038495064
1.51098799706
0.725334882736
1.45420217514
1.01563000679
0.833514928818
0.756819963455
0.646127939224
0.78000998497
0.697484970093
0.804224967957
0.77641415596
0.842888116837
1.66556096077
0.926162958145
0.748146057129
0.765033960342
0.832040786743
0.674450874329
1.25277304649
0.726297140121
0.69551897049
2.22090411186
1.79920101166
0.782113075256
0.866302967072
0.913067102432
1.05318212509
1.36158299446
0.718310832977
0.738063097
0.780032157898
0.728228092194
1.28458690643
0.771348953247
1.65438008308
0.937463998795
0.803802013397
1.47460317612
0.922128915787
0.87282705307
1.29283595085
0.858808994293
0.75582408905
0.920292854309
0.926423072815
1.3514790535
1.09945106506
0.8028819561
0.902919054031
1.46217894554
1.32587003708
0.950481176376
2.30240011215
0.858580827713
0.771979093552
0.85983300209
1.49814391136
1.12624812126
0.985174894333
0.892875909805
1.27191400528
1.21861815453
0.928987979889
0.88143491745
1.68427014351
0.991354942322
1.16193604469
0.776353120804
0.695780038834
1.16957306862
0.994371891022
3.55368494987
2.06383681297
1.15011000633
0.735998153687
1.10628795624
0.81552195549
0.765065908432
1.57445001602
0.821900129318
1.3676879406
0.926309108734
0.709981918335
1.0581138134
0.820039987564
1.21888709068
1.16940999031
0.802555084229
0.758617162704
0.794295072556
1.01440501213
0.793907165527
0.805703163147
0.722354888916
0.91114616394
1.04134011269
1.31756091118
0.744731903076
0.714653968811
1.04141902924
0.79948592186
0.76876783371
1.36013102531
0.73557305336
1.24721503258
1.96242785454
0.725554943085
0.787277936935
0.789882898331
1.04527282715
0.983412981033
2.00663399696
0.688045024872
0.667309999466
1.09458994865
0.871162176132
0.719423055649
0.813382863998
0.808341026306
0.994680166245
0.738028049469
0.889981031418
0.734663009644
1.49240589142
1.05660104752
0.694483041763
1.07766008377
0.804193019867
1.70974898338
0.825906038284
0.816565036774
1.04405117035
1.66393613815
0.695056915283
0.756793022156
2.61559200287
1.70689892769
0.75352191925
0.694321870804
0.762562036514
0.753592967987
0.726166963577
0.921828985214
0.792799949646
0.822385072708
0.745980024338
0.81879401207
0.712162017822
0.919068098068
0.843224048615
0.773175954819
0.926994800568
0.745719909668
1.13852620125
1.04690599442
0.813436985016
0.716156005859
0.931986093521
0.715029001236
1.01625585556
1.36425113678
0.846086025238
1.01191902161
0.945194959641
0.871709108353
0.680538892746
0.868676900864
1.15807914734
1.46358704567
0.816396951675
0.714282035828
1.02763605118
0.786113977432
1.0526368618
1.16931700706
0.720388174057
1.63652300835
0.720891952515
0.655978918076
1.56253004074
0.766353130341
1.35905790329
0.669917821884
0.939028978348
1.14432501793
0.817538976669
0.685149908066
0.71665096283
0.883718013763
1.00176882744
0.999360084534
0.680667161942
1.15762400627
0.805623054504
0.699735164642
0.770196914673
1.07381296158
0.753638982773
0.744691133499
1.16682314873
0.792251110077
0.76344704628
1.08276391029
0.980118989944
0.940742015839
0.789881944656
0.674605131149
1.11003684998
1.00251078606
0.749783992767
0.999137878418
0.863926887512
0.768222808838
0.725402116776
0.721210956573
0.897631168365
1.11407589912
0.854388952255
1.25798416138
0.704476833344
1.45612502098
0.709633827209
0.935555934906
0.89878487587
0.846174955368
1.05409002304
0.621114015579
0.745748996735
0.835275888443
0.728627920151
1.09735798836
0.741256952286
1.09187698364
0.742990016937
0.885926961899
0.919692993164
0.687333106995
0.663564920425
0.743680000305
0.833086967468
0.817859172821
0.931687116623
0.679827928543
1.0479080677
0.683593034744
0.829720020294
0.943454027176
0.755024194717
0.785139083862
0.677862882614
0.81285405159
0.933959960938
0.744291067123
1.06476998329
1.16834306717
0.826714992523
1.00487685204
1.05244898796
0.873511075974
0.725032091141
0.73569893837
1.38070893288
0.873538017273
0.867933988571
0.662969827652
0.737079143524
0.814120054245
0.983476877213
1.8746278286
0.720622062683
0.728700876236
0.827991008759
0.780415058136
0.75123000145
0.694781064987
1.24934196472
0.839828968048
0.85973405838
0.784914970398
1.2674779892
0.774183988571
0.93444108963
0.738801956177
0.961627006531
0.801134109497
0.661179065704
0.725748062134
0.70347905159
1.14429712296
0.758860826492
2.29851412773
0.932250976562
0.744126796722
0.74519109726
0.698827028275
0.72677898407
1.05255007744
0.962561845779
0.901346921921
1.75220108032
0.963750839233
0.861024856567
0.708139896393
0.728901147842
0.800496101379
0.798841953278
0.743997097015
0.70516705513
1.42804288864
1.51725101471
0.923038005829
0.696976900101
0.798192024231
0.740122079849
0.697378873825
1.23249292374
0.826174020767
1.11004400253
0.751173973083
1.51739406586
1.31495809555
1.0966629982
1.05595993996
0.840540885925
0.762584924698
0.76820898056
0.654595851898
1.12339377403
0.736415147781
0.740638971329
0.91179394722
0.635299921036
0.944845914841
0.756560087204
0.83395409584
0.754233121872
0.90783905983
0.749870061874
0.833235025406
0.868046045303
0.748114109039
1.27201700211
1.14376783371
1.25013995171
1.00822997093
1.58011198044
0.790580034256
0.757737159729
0.753081083298
1.15896296501
0.65337896347
0.769037008286
0.779666900635
0.798633098602
0.770509958267
0.918788909912
0.706611871719
1.27589488029
1.26819705963
1.96494007111
0.811602115631
0.718872070312
0.930382013321
0.702558040619
2.1635529995
0.837715148926
0.945095062256
1.22586488724
0.801688909531
1.00949311256
1.09670591354
1.09396409988
1.04143714905
0.73375415802
0.69250702858
0.708275079727
1.50097107887
0.996986865997
0.704935073853
0.712173938751
1.1838350296
0.635544061661
1.26349186897
0.736397981644
0.681390047073
1.01199698448
0.648380994797
1.76560091972
0.774848937988
0.747817993164
0.830233097076
1.34636712074
0.698616981506
0.771907091141
3.02588605881
0.974964857101
1.17147898674
2.1062579155
0.722523927689
0.717758178711
0.998855113983
0.695892810822
0.682995796204
0.896561861038
1.00413703918
0.705039024353
0.712183952332
0.934441804886
0.772976160049
0.711697101593
0.973788022995
0.750842094421
0.810836791992
0.856730937958
0.661281108856
1.46954798698
0.760271072388
0.800328969955
0.780650138855
1.47806811333
0.680181026459
1.27694010735
0.836656808853
0.834425926208
0.800691127777
0.72419500351
0.708182096481
0.714908123016
1.59095406532
1.24079799652
0.773601055145
0.7290558815
0.986123085022
0.702253103256
0.778081178665
1.57497096062
0.711385011673
0.829440116882
0.745437145233
0.685577869415
0.864238023758
0.662432909012
0.879603862762
0.73134803772
1.05287694931
0.734568834305
0.734475851059
0.879434108734
0.82685303688
0.861181020737
0.667015790939
0.634425163269
0.646426200867
0.732824087143
0.796477079391
1.35320591927
1.00446486473
1.24164485931
0.846963882446
0.78379201889
0.762604951859
0.844585895538
1.51662802696
0.892014026642
0.891613006592
0.806340932846
0.825146913528
0.746929883957
0.656812906265
0.99450302124
0.728261947632
0.976473093033
1.44459486008
0.774240970612
0.835671901703
0.673930883408
0.75984787941
0.791568040848
1.47497797012
0.670417785645
0.806536912918
0.674077987671
0.726723194122
0.792629957199
0.68794298172
0.676064014435
0.72976899147
0.655498027802
0.700005054474
0.830608129501
0.855434894562
0.772673130035
0.819325208664
0.762312889099
0.6964199543
1.0097219944
0.986130952835
0.833374977112
1.12421512604
0.908881187439
0.718101024628
0.726784944534
1.51974701881
0.74037694931
0.986768960953
1.0530371666
1.45959997177
0.831315994263
0.873602151871
0.733484983444
0.955579996109
0.944336175919
1.28967285156
0.965188026428
0.968820095062
1.35441184044
0.711222887039
1.10700893402
0.787145853043
1.580919981
0.823927879333
0.925575971603
0.914241075516
0.805312871933
0.767210960388
0.778397798538
0.839495182037
1.27461600304
0.87969994545
0.918642997742
2.3077070713
0.8604388237
0.661991119385
1.17036986351
0.696868896484
0.849752187729
1.58259105682
0.787597894669
0.942050933838
0.71301484108
0.960409164429
0.673194885254
0.715187072754
0.880557060242
0.874149084091
0.828794956207
0.782835960388
0.819933176041
0.804066896439
0.664869070053
0.75724697113
0.902652025223
0.921950101852
0.724149942398
0.767436981201
1.06634306908
0.651934862137
0.776324033737
0.773054838181
0.768129825592
0.899539232254
0.78086400032
0.875674962997
0.762189149857
0.755491018295
0.7263879776
1.08438897133
1.05476903915
1.41816496849
0.764492034912
0.924525022507
1.06492400169
0.698012113571
1.22473597527
0.886560916901
0.878865003586
0.62163901329
0.669738054276
0.680505990982
0.8037109375
1.21319794655
0.722314834595
0.674962997437
0.767870903015
1.37975597382
0.69378900528
0.997930049896
0.688971996307
1.33763718605
0.750327110291
0.86848115921
0.821087121964
0.758568048477
0.785259962082
0.696521997452
0.859226226807
0.712886095047
1.47323584557
0.700747013092
0.737894058228
0.683299064636
0.636790037155
0.969669818878
0.638199090958
0.664739847183
0.811282873154
1.09108519554
1.70931911469
0.742016077042
1.10230994225
0.76873588562
1.00876402855
0.835560083389
0.682227134705
0.928725004196
1.70758700371
0.67133307457
0.820960044861
0.885946035385
1.20286107063
1.1113140583
0.722676038742
0.647827148438
0.833946943283
0.808466911316
0.716109991074
1.10702991486
0.88556098938
1.4621090889
0.749169111252
0.903279066086
0.833690166473
0.753446102142
0.925439834595
0.808532953262
0.710159063339
0.830555915833
0.686668157578
0.726893186569
1.3683450222
1.17952895164
0.735153913498
0.690335988998
0.828397035599
1.57389211655
0.72774887085
0.844361066818
0.794739961624
0.699872016907
0.874134063721
0.753196001053
0.949029922485
1.54275488853
0.73152089119
0.664772987366
0.719009876251
0.872533082962
0.793210029602
1.00603199005
1.00155210495
1.74387192726
1.21008896828
0.823959827423
0.803858995438
0.929477930069
1.1199119091
0.73677778244
0.697556972504
0.700433969498
0.922155857086
0.698082923889
0.746624946594
0.797142982483
0.828971862793
0.777087926865
0.693727970123
0.732326984406
0.768095016479
1.01947116852
1.06804800034
0.733666181564
1.01338100433
1.3968629837
0.866307020187
1.45346999168
0.814191102982
0.823739051819
0.745599031448
0.798454999924
0.704214811325
0.749715089798
0.790509939194
0.646461009979
0.821265935898
0.821359872818
0.971512794495
0.895398855209
1.05367016792
0.945863008499
1.0921061039
0.828168869019
0.865404844284
0.954699993134
0.708353996277
0.760939121246
0.70524096489
0.73499584198
0.719627857208
0.810969114304
1.48224306107
0.726952791214
0.905263185501
0.748380899429
0.896404027939
0.826472043991
0.782510995865
2.00570702553
0.637356042862
0.837504148483
0.958029031754
1.28616809845
0.674514055252
0.898138046265
0.793437004089
0.704479932785
0.754276037216
0.809386968613
0.958420038223
0.789906024933
0.829647779465
0.7502617836
0.811144828796
0.755031108856
0.736359119415
0.701022148132
0.766746997833
0.706888914108
1.09285497665
0.904873132706
0.741064786911
1.25456905365
0.792829036713
0.751965999603
0.840631961823
0.747941017151
0.968594074249
0.740636825562
0.738724946976
1.18206310272
1.02041482925
0.973613023758
1.09798002243
0.796460866928
0.912443161011
0.766247034073
0.741523981094
0.72450709343
0.679021120071
0.698148012161
0.721086025238
0.685403108597
0.844146966934
0.781491041183
0.729346990585
0.719193935394
0.816416978836
0.798341035843
0.756362915039
0.744360923767
0.601099967957
0.737305879593
0.938581943512
0.85884809494
0.874604940414
0.839577198029
0.84902215004
1.16321587563
0.851795911789
1.25766587257
0.68535399437
0.776932954788
0.695034980774
1.77161407471
0.733372926712
0.870326042175
0.878707885742
0.703438043594
0.679520130157
0.771236181259
1.11721801758
0.646270036697
1.0610461235
0.724431991577
0.741446018219
0.789416074753
0.916177988052
1.01383113861
0.706740140915
1.1922659874
0.872470140457
0.900775909424
0.689238071442
1.76343297958
1.13188290596
1.29886007309
0.833852052689
0.747987985611
0.964273929596
0.822252988815
1.6754720211
1.17406201363
1.54807806015
0.826173067093
0.806782960892
0.778694152832
0.800471067429
0.754652023315
0.704093933105
0.73545217514
1.16533207893
0.954431056976
0.697031021118
0.717510938644
0.700414896011
1.06125807762
0.586343050003
1.69962096214
0.731007099152
0.891657114029
0.877430915833
0.717113018036
0.779529094696
1.32629394531
0.816128015518
0.86431312561
1.22671413422
0.973012924194
0.717771053314
0.718938112259
0.725003004074
0.773621082306
0.828263044357
0.737493038177
1.10693192482
1.05690097809
1.38182497025
1.00131511688
0.707890033722
0.759137868881
0.716421127319
0.750220060349
0.728335142136
0.715286970139
1.11026597023
0.735940933228
1.5038049221
0.68986415863
0.882185935974
0.977813005447
1.14402103424
0.879958868027
1.50532007217
0.869418859482
0.753658056259
1.24913883209
0.850146055222
1.07221579552
0.818428993225
0.933921098709
0.655291795731
0.911643981934
0.927106142044
0.7035779953
0.80629491806
0.872353076935
0.704375982285
0.745671033859
0.619386911392
0.860530853271
0.807549953461
0.844485044479
1.22605991364
0.764755010605
0.897077083588
1.58002901077
0.907762050629
0.63508605957
1.04126787186
0.744693040848
0.796802997589
1.24230694771
0.695974111557
1.12541604042
0.837679862976
1.35830307007
2.33574199677
1.12724018097
0.686521053314
0.722674131393
0.606086015701
1.58340215683
0.741908073425
0.7688601017
0.888900995255
0.72767996788
0.938122987747
0.702033042908
0.788652896881
0.85037279129
1.05003213882
0.763622999191
0.820832014084
0.801823854446
0.763353824615
0.817198038101
1.13621091843
0.792308092117
2.31256103516
0.848159074783
6.03136610985
0.836428880692
0.716995954514
0.693192958832
2.21779084206
1.24494290352
0.719170808792
0.653357982635
0.687592983246
0.660259962082
0.728310108185
1.84068489075
0.862644910812
1.07271814346
0.760507822037
0.908524990082
1.16512489319
0.887859106064
0.835996866226
0.729928970337
0.726308107376
1.32132005692
0.790007829666
0.765545845032
0.67894411087
0.839568853378
0.947527170181
0.947127103806
0.77942109108
0.781944990158
1.50278902054
0.903943061829
0.945227146149
0.806390047073
0.822502851486
0.955958127975
0.662425994873
0.736278057098
0.738126039505
0.715046167374
0.800671815872
0.755818843842
0.718179941177
1.20518398285
0.853045940399
0.686809062958
0.76904797554
0.73508810997
0.849381923676
1.29295778275
0.818368911743
1.12976098061
0.790776014328
0.851048946381
0.954651832581
0.737112998962
0.862436056137
0.781637907028
1.06782698631
0.731438875198
0.702036142349
0.679126024246
0.918720006943
0.679178953171
0.674910068512
0.734173059464
0.795287847519
0.859727859497
0.741979122162
1.08377599716
1.6479268074
1.23247885704
0.691560029984
0.850599050522
0.741537094116
0.76105594635
0.841675043106
0.70213508606
1.6164419651
0.670343875885
0.802735090256
1.0017118454
0.889243125916
0.744550943375
0.696533918381
0.771923065186
0.689725160599
0.934856891632
0.72239279747
0.776217937469
0.994911909103
0.901484966278
0.764356851578
1.11648797989
0.755674123764
0.730192184448
0.975160121918
0.736197948456
1.2086019516
0.811830997467
0.972156047821
0.769880056381
1.70241880417
1.01518201828
0.62714099884
0.843559980392
0.71209692955
0.744174957275
0.917764902115
0.689937829971
0.67672419548
0.74865603447
0.832087039948
0.693243980408
0.782031059265
0.867612838745
0.774435043335
1.02825403214
0.776971101761
0.946781873703
0.700700044632
0.940541028976
0.731829881668
1.46929597855
1.16568303108
1.22650003433
0.841789960861
0.839586019516
1.06258296967
0.736243009567
0.813721895218
0.933423042297
1.98354291916
0.736774921417
0.802439928055
0.740778923035
0.71995806694
0.910140037537
0.679636001587
1.51173400879
1.01842188835
0.780758142471
1.72029209137
0.765814065933
0.701484918594
0.664345026016
0.95941901207
0.873861074448
1.13599610329
0.725521802902
0.921250104904
0.804568052292
0.686990976334
1.48444604874
0.76194190979
1.10975885391
3.11799716949
1.0422577858
0.662122011185
0.710534095764
0.78534412384
0.751742124557
0.917529821396
1.27877402306
0.69208407402
0.636916875839
0.677540063858
1.29590892792
0.720256090164
0.785929918289
0.82362818718
0.784731149673
0.754138946533
0.705855846405
0.712162971497
1.10379695892
1.20796895027
0.989005088806
1.17155885696
0.700946092606
0.755126953125
0.71448802948
0.919659137726
0.8054459095
0.817895889282
0.705436944962
0.949137926102
0.918206930161
0.654716014862
0.767059087753
1.14754199982
0.744985103607
0.726190805435
0.839763879776
2.14986681938
0.79665184021
0.71178984642
0.980297088623
0.74814915657
2.6441848278
0.799775838852
1.05282998085
0.698022127151
0.942034006119
1.27363586426
2.82313299179
1.74689507484
0.706551790237
0.735134840012
0.873111009598
1.42278003693
0.697890996933
0.818209171295
0.704601049423
0.709437131882
0.878906011581
1.42147016525
1.16233897209
0.789606809616
1.06379103661
0.704428911209
0.948907852173
1.50743699074
0.692750930786
0.750558137894
0.990123033524
0.912981987
1.00812697411
0.721288919449
0.809925079346
0.686566829681
0.879065990448
0.930058956146
0.674093008041
1.76391196251
1.08486485481
0.599935054779
0.947911977768
0.883744001389
1.2388279438
0.916898012161
0.748109102249
0.731173992157
0.785962104797
0.813855171204
0.990484952927
0.684646129608
0.689712047577
0.671175956726
0.687654972076
0.704921960831
0.742793798447
0.723713874817
0.76432800293
0.842057228088
1.39579701424
0.703456163406
0.69356584549
0.937376022339
0.629945993423
0.740597009659
0.698477983475
0.993282079697
0.692528963089
1.28088092804
1.06122493744
1.02506780624
1.10924196243
0.776254177094
1.33782219887
0.789583206177
0.743558168411
0.88470697403
1.2142701149
0.77571606636
0.819959163666
0.795611858368
1.6817920208
1.09077692032
0.853461027145
0.783494949341
1.81346106529
0.737297058105
1.19772005081
0.818017959595
1.42940616608
0.766241073608
0.804476976395
0.942551136017
1.08139300346
0.794996976852
1.14028191566
0.706799983978
0.810785055161
1.18084096909
1.21734118462
0.912138938904
0.673654079437
0.821624040604
0.868547201157
0.773682832718
0.848469018936
0.729658126831
0.728745937347
0.678524971008
0.964828014374
0.748924970627
0.691642999649
0.728332996368
0.832698106766
0.724888086319
0.82768201828
1.48260092735
1.84102797508
0.901823997498
0.817795991898
1.05609202385
0.946327924728
0.777185916901
0.741534948349
0.77187204361
0.87850689888
1.67026615143
0.822904825211
0.836209058762
0.905640125275
0.807791948318
0.749251127243
0.705044984818
0.759266853333
0.884765148163
1.11115908623
0.769804954529
0.877346992493
0.887976169586
1.22648000717
0.845340967178
1.55718994141
1.42598605156
1.66102790833
0.800559997559
0.744495868683
0.704464912415
0.756493091583
1.11875414848
1.09145212173
1.63424992561
1.21663713455
1.68799209595
1.02756595612
0.704473972321
0.613257884979
0.69611787796
0.821320056915
1.10495400429
0.683887958527
0.918912172318
0.756417989731
0.893095016479
0.682507991791
0.778882026672
0.847747802734
0.782527923584
1.0369951725
0.766834974289
1.04764914513
1.11349892616
0.765299797058
0.808320045471
0.86476111412
0.728074073792
0.749310016632
0.864743947983
2.53678798676
0.790129899979
0.904584884644
0.918244838715
1.49950289726
0.917404174805
0.699975967407
1.09383201599
1.01270103455
1.14220380783
0.822690010071
0.756266117096
0.885262012482
0.72970700264
0.785215854645
1.00845909119
0.696118831635
0.716120004654
0.655471086502
0.79139995575
0.727934122086
1.06762313843
0.832653999329
0.732224941254
0.831799030304
0.749919176102
0.705228090286
0.912932157516
0.715302944183
0.935333013535
1.15920805931
0.974985122681
0.887078046799
0.917165994644
0.697691917419
0.758623123169
1.85949683189
0.771980047226
0.670881986618
0.764523983002
0.987561941147
0.743936061859
0.870168924332
0.822415113449
0.932740926743
1.81567192078
0.69642996788
0.730838060379
0.844375133514
0.772375106812
3.28730916977
0.714323997498
0.767205953598
0.815963029861
1.1688990593
0.960263967514
0.731420993805
0.670161008835
0.937749147415
0.736660003662
0.740884065628
0.941373825073
0.760009050369
0.668186903
0.695777893066
0.742831945419
0.987161159515
1.42388296127
0.766803026199
0.931946992874
0.721265077591
0.801030874252
0.925529956818
0.780768156052
2.56769514084
0.952507972717
0.675365924835
0.968052864075
0.675943136215
1.04821491241
0.725940942764
0.743834018707
0.968175172806
0.722062110901
0.711950063705
1.03363394737
0.702981948853
0.713154792786
1.08749294281
1.11616897583
0.867513895035
0.710342168808
0.682657957077
0.711989879608
0.744554042816
1.15352606773
1.34189200401
0.729401111603
0.850483179092
0.791902065277
0.932944059372
0.864472866058
0.719598054886
0.909478902817
0.68742108345
0.688663005829
0.663768053055
0.77054810524
1.00520801544
0.749820947647
0.89266204834
0.778778076172
0.931715965271
0.916707992554
0.650408029556
0.736541986465
0.954074144363
0.767174005508
1.22715592384
0.84353685379
0.925529003143
0.644426107407
0.814835071564
1.40727305412
0.816099882126
0.715588092804
0.914368152618
0.669997930527
0.890544176102
1.00379610062
0.682317972183
1.00096988678
0.707046985626
1.93695807457
0.661539077759
0.68553185463
0.764996051788
0.852113008499
1.16421890259
0.788712978363
0.691075801849
0.847194910049
1.0496981144
0.795335054398
0.960295915604
1.96247601509
0.80483007431
0.873466014862
0.719207048416
0.723528146744
1.01123690605
0.763795852661
0.996409893036
0.813093900681
0.902103185654
0.933785915375
0.77747297287
0.7177298069
0.725402116776
0.85270190239
0.63267493248
1.38646817207
1.04698109627
1.27059793472
0.808935880661
0.710228919983
0.717214107513
0.718617916107
0.804097890854
0.769271850586
0.776562929153
0.76535820961
0.78897690773
0.716156005859
0.895230054855
0.841592073441
0.733378171921
0.971768140793
0.779484033585
0.736820936203
2.14890599251
1.11711382866
0.775286912918
0.782180070877
0.924813985825
0.87611579895
0.736133098602
0.714619874954
0.779424905777
0.918198823929
0.716269016266
0.957915067673
0.700087070465
0.826327085495
1.05283784866
0.881031990051
0.713876962662
0.86651802063
0.737148046494
0.674275159836
0.85490489006
0.742407083511
0.773922920227
0.787683963776
1.00199913979
0.789346218109
1.0064330101
0.680154085159
0.728644132614
0.738112211227
1.44501399994
1.14947986603
0.76340007782
1.38594198227
1.10687112808
0.784638881683
0.737488985062
0.921836137772
0.73589015007
0.664408922195
0.650607824326
0.73535990715
0.599457979202
0.76974105835
1.39067006111
0.806494951248
0.817683935165
0.891890048981
0.774079084396
1.157766819
0.813159942627
0.72616815567
0.800431013107
1.03369688988
1.03242397308
0.950667142868
0.730518102646
0.82525396347
0.659379005432
0.826509952545
0.713721036911
1.19861102104
1.31083703041
1.26369905472
0.790790081024
1.03392004967
1.05227994919
4.16206383705
1.22844314575
0.821285963058
0.734586954117
1.12997293472
0.920017957687
0.725200891495
0.92772603035
0.91897892952
0.762587070465
0.710391044617
1.36844015121
0.717779874802
0.670298099518
2.24923396111
0.840919017792
0.76848077774
0.713071107864
1.03672099113
0.733010053635
0.8329641819
1.55693507195
0.761538028717
0.749274015427
0.777837991714
0.712471008301
0.733571052551
1.01603007317
0.728006124496
1.06371283531
1.27328085899
0.759787082672
0.680625915527
1.72575306892
0.725187063217
0.736752986908
0.902000904083
0.819123029709
0.997098922729
0.732038021088
0.711790084839
0.803952932358
0.687502145767
0.727503061295
1.02399587631
0.747809886932
1.36121320724
0.716779947281
0.714976072311
0.690020084381
0.751697063446
0.784734010696
0.711355924606
0.764266014099
1.15193891525
0.740224123001
0.739305973053
1.28086185455
2.73337697983
0.778919219971
0.740949869156
1.10687804222
1.53966593742
0.687916994095
0.790821075439
0.831297159195
0.757740020752
0.958502054214
1.37220311165
1.33035111427
0.809619188309
0.740024089813
0.835096120834
1.13632297516
0.790959119797
1.08078980446
0.694294929504
0.748416185379
0.720443964005
0.718070983887
1.02956390381
1.33632612228
0.690099954605
0.70019197464
1.18680882454
0.995784044266
0.720397949219
0.680097818375
1.22501707077
0.732040882111
0.786010026932
0.993866920471
1.00358700752
0.815476894379
0.873220920563
0.86021399498
0.778202056885
1.31510615349
0.923590898514
1.94211101532
0.860738039017
0.724805116653
0.726624965668
0.725077152252
0.778742074966
0.753298997879
0.686618089676
1.89589619637
0.821367025375
0.726832866669
0.802500963211
0.657788038254
0.740411996841
0.644927978516
1.18330407143
1.29013800621
0.783973932266
0.690114021301
0.771754026413
0.823024988174
0.774580001831
0.687680959702
1.26923108101
1.05593705177
0.736124038696
0.741034030914
0.76301407814
1.08885598183
0.689857959747
0.717247009277
1.07130098343
0.674345970154
0.867192983627
0.751760959625
1.02573919296
0.849474906921
0.698729991913
1.10396099091
0.769237041473
0.8731508255
0.780203104019
1.37043309212
1.39456796646
1.45627713203
0.665807008743
0.797562837601
2.90641593933
0.622740030289
1.40655398369
0.966202974319
1.89372801781
0.799182891846
0.930270910263
1.93830919266
0.665874004364
0.762642860413
0.795274972916
0.727908849716
0.799927949905
0.944715976715
0.884824991226
1.35315084457
0.622390031815
0.756474018097
0.757251977921
0.795818090439
0.718389987946
0.724224090576
1.03424477577
0.717386960983
0.707035779953
0.662322044373
0.724136829376
1.02988100052
1.03183603287
1.73632907867
0.703330993652
1.00853395462
0.875840187073
0.722142934799
0.927264928818
0.73481297493
0.75047492981
0.759243965149
0.717736005783
0.760717868805
0.944504976273
0.759124040604
0.866730928421
0.731935977936
1.21176600456
1.30167102814
0.976114034653
1.0507979393
0.800150871277
0.902542114258
0.878149032593
0.727495908737
0.829254150391
1.38834404945
1.30641818047
1.18106484413
0.678442001343
1.00351905823
0.681863069534
1.08876395226
0.683909893036
0.67182302475
0.833634853363
0.855607032776
0.746320962906
0.801354885101
0.844408035278
0.802424907684
0.709326982498
1.01923322678
0.924374818802
0.741049051285
0.707531929016
0.663046836853
0.738183021545
0.750014066696
0.928771972656
0.663906812668
1.03043889999
1.1216468811
0.709984064102
0.873177051544
0.957402944565
1.460324049
0.676742076874
0.725358009338
0.747047901154
0.730594158173
0.844270944595
0.758050918579
2.30668711662
0.754581928253
0.6913189888
0.674726009369
0.824936151505
0.904496908188
0.665899038315
1.69681596756
0.826664924622
0.681423902512
0.739753007889
0.776555776596
0.733588933945
0.880919933319
0.628782987595
0.996304035187
0.727185964584
0.666584968567
1.07814288139
0.687228918076
0.914946079254
1.10800099373
0.868254899979
1.98725104332
0.809201002121
0.768276929855
0.837280035019
0.743076086044
0.86456489563
1.40585112572
0.735166788101
0.859024047852
1.02882099152
1.37891101837
0.70369720459
1.2391769886
0.772843122482
0.731420993805
0.735398054123
1.04100394249
0.972823858261
0.920531988144
0.727586984634
0.720211029053
0.998203039169
0.79322886467
0.739245891571
0.740345001221
0.707708120346
0.829852104187
1.3491590023
0.692143917084
0.713017940521
0.77069401741
0.988615036011
0.731698989868
0.927834033966
1.02854514122
1.25707888603
0.635223865509
1.0244448185
0.872008085251
0.686545848846
0.731292963028
0.782593011856
0.657363891602
0.688501834869
0.759177923203
0.74871301651
0.689367055893
0.704806089401
0.689116001129
0.654713869095
1.85008001328
0.696849107742
0.777601957321
0.887444019318
1.81362986565
1.37606692314
0.724883079529
1.56095814705
1.35338902473
1.30578279495
0.811053991318
0.747091054916
0.849227905273
1.29826903343
0.684856891632
0.729918003082
0.812415122986
0.626687049866
0.709983110428
0.943598985672
0.725154161453
0.782459974289
0.773685932159
0.805485010147
0.784167051315
1.00540089607
0.934168100357
0.986536026001
0.766692876816
0.731860876083
0.716310024261
0.825528860092
0.696370840073
0.724273920059
0.860434055328
0.671691894531
0.751199960709
1.05395102501
0.70555305481
1.28211188316
0.744817018509
1.19785499573
1.10937285423
0.730028152466
0.755254030228
1.88451004028
0.691972017288
0.716640949249
1.00596117973
0.676500082016
1.34374499321
0.735306978226
0.723987102509
0.790709018707
1.66665101051
1.3006401062
0.650496959686
0.808902978897
2.00139403343
0.855731010437
1.03872489929
0.708828926086
0.829694986343
1.42882609367
1.26838803291
0.851222991943
0.802247047424
0.742747783661
0.770910978317
0.964805841446
0.751042127609
0.767971992493
0.759952068329
0.681446075439
1.11935997009
1.5615568161
1.42483997345
0.935240983963
0.681571960449
0.707557916641
0.67812204361
1.12823200226
0.931421041489
0.958097934723
0.931520938873
0.777920007706
1.02419710159
0.87108707428
0.831890821457
0.799157142639
0.733863115311
1.37018013
0.689888954163
0.881976127625
0.979440927505
0.927553892136
0.724556922913
0.683980941772
0.796266078949
1.07193303108
1.15145206451
0.910604000092
0.663318157196
1.17786812782
0.693190097809
0.689213991165
0.718750953674
1.01114702225
1.19376683235
0.808370113373
0.786185026169
0.723212957382
1.32572007179
0.976227045059
0.717081069946
0.662835121155
1.00593400002
0.975700139999
0.642589092255
0.811434030533
0.684242963791
1.03523397446
0.976104021072
0.739495038986
0.735803127289
0.75593495369
0.795257091522
0.798613071442
0.705767154694
0.792759180069
0.999575853348
0.819963932037
1.55308103561
1.13625812531
0.796967029572
3.78734397888
0.741300106049
0.677269935608
0.962110042572
1.35421609879
0.76353096962
0.664866924286
1.05659008026
0.720332145691
0.762828111649
0.749990940094
2.07633113861
1.63000798225
0.99512386322
1.24377012253
0.715348005295
0.851167201996
0.895604848862
1.07218694687
0.89718413353
0.859519004822
0.868032932281
0.701698064804
1.65920186043
0.870471000671
1.01861596107
0.676794052124
0.772834062576
0.695257902145
0.959280014038
0.679615020752
1.30611896515
1.0943479538
0.8253698349
0.805228948593
0.745018959045
0.941022872925
1.16855597496
1.25079894066
0.804653167725
0.729545116425
0.765614032745
0.794514894485
0.971884965897
0.654462099075
1.14943599701
0.663624048233
0.768071889877
1.55073404312
1.11825990677
0.864772081375
0.857607841492
1.44425201416
1.62244701385
1.14012694359
0.765837907791
1.07506012917
0.808533906937
0.75857591629
1.07192921638
0.735705852509
1.57871508598
0.881857872009
0.841604948044
0.907907009125
0.765779972076
3.55247116089
1.16881108284
0.786902189255
1.05564117432
1.23197817802
1.13784217834
1.05467200279
1.28795385361
0.729645013809
0.726944923401
0.675532102585
0.899844169617
0.735249996185
0.776910066605
0.82457780838
1.32868790627
2.03372716904
0.740451097488
0.750252962112
1.48107409477
0.980690956116
0.95859003067
0.783607006073
1.00243210793
0.747528791428
0.988397121429
1.25502610207
0.998690843582
0.952383995056
1.40278291702
0.678430080414
1.08029603958
0.793184041977
2.6762239933
0.733081102371
0.840374231339
0.927803993225
0.778974056244
0.846955060959
0.614614009857
0.720492124557
0.824201107025
0.749853134155
0.870255947113
0.68923997879
0.919003009796
0.745458126068
0.926429986954
1.27924799919
0.69664978981
1.00913906097
1.53844285011
0.748450040817
0.776684999466
0.793110132217
0.827444076538
0.730628013611
0.69992017746
0.675142049789
0.713479042053
0.921559095383
1.13373398781
0.977208852768
0.674786090851
0.822679042816
0.655093193054
0.909723043442
0.623009204865
0.731558084488
0.872479915619
1.32592391968
0.650830030441
0.796785116196
0.997030973434
1.03289890289
0.937261104584
1.00968003273
0.780352830887
1.39223790169
1.14162802696
0.67128610611
0.840399980545
0.914736032486
0.733711004257
1.01515698433
0.776085853577
0.70530796051
0.679952859879
1.30953502655
1.01745986938
1.0805478096
1.45415997505
1.43778181076
0.756865024567
1.16236209869
0.847395896912
0.863472938538
0.681352853775
0.742817878723
0.756237030029
0.798642873764
0.889065027237
0.850872039795
1.20259714127
0.799324989319
0.797019958496
0.825481176376
1.04887890816
0.680053949356
0.683790922165
0.9818110466
1.4340929985
0.766015052795
0.696488142014
0.786791086197
0.695562124252
0.701071977615
1.55082893372
1.14502215385
0.81752204895
0.934159994125
0.801489830017
1.3038008213
0.791229009628
1.14722299576
0.734465837479
0.723771095276
1.04976892471
0.687134981155
0.827908992767
1.61918187141
1.06561493874
0.747008085251
1.05533885956
0.796063899994
0.840788125992
0.827941179276
0.790252923965
2.05279183388
0.943896055222
1.19775605202
0.924372911453
0.732456922531
0.745320081711
0.766409873962
0.810336828232
0.796483039856
0.82010102272
1.40776205063
0.711469173431
0.865350008011
0.806308984756
1.50493001938
1.16887998581
0.783763170242
0.845168113708
0.74168419838
1.11083197594
1.72526478767
0.80220580101
0.670426130295
0.721189022064
1.156468153
0.779542207718
0.749436855316
0.85399389267
0.726349115372
0.776958942413
0.804574966431
0.833003997803
0.686197042465
0.82102394104
0.839535951614
0.682045936584
0.806051969528
1.10982704163
1.48920083046
0.945760965347
0.731780052185
0.999356985092
0.729283094406
0.886710882187
0.767168045044
0.850440979004
0.791153907776
0.748674154282
0.84720993042
0.723875045776
0.649163007736
0.734432935715
0.705341815948
0.885498046875
0.754615068436
0.75466799736
0.992183923721
1.18995881081
0.717951059341
0.723679065704
0.785407066345
0.98374581337
0.793256998062
0.928781032562
0.738619804382
1.23223114014
0.685164213181
0.718840837479
1.56522297859
0.723337888718
0.880499124527
1.06770896912
0.766621828079
0.755895137787
1.25727009773
0.662639856339
0.881077051163
0.754498958588
1.00444293022
1.31483197212
0.768777132034
0.751663923264
0.7940928936
1.05544400215
0.749562978745
1.336602211
0.940133094788
0.820388793945
0.833912849426
0.812562942505
1.28898286819
1.23822689056
0.771931886673
1.06909513474
0.883625030518
0.779407978058
