2.04758000374
2.06573295593
1.81105208397
1.49632716179
2.51963400841
1.88517999649
2.46589922905
2.06458806992
1.55569815636
1.82507681847
1.64583992958
1.64546489716
2.03057408333
2.10476398468
2.04422497749
0.209218978882
0.5792491436
1.64828896523
2.11153316498
1.65826797485
1.36612796783
2.04551506042
2.48310399055
1.93126797676
2.53735494614
1.80223011971
2.44462800026
1.75511002541
2.18352603912
1.75226211548
2.06784009933
1.87665200233
1.91362190247
2.91153287888
2.22170901299
2.00885391235
2.18926405907
1.77299118042
2.05099916458
2.15459299088
2.06083393097
2.04101800919
0.925082921982
1.69746303558
1.84274506569
1.94264698029
1.9411611557
2.26821398735
0.481541872025
1.73821187019
1.87316012383
1.78095507622
1.97426795959
1.98190808296
1.63602614403
1.64073204994
2.23057198524
2.24069404602
1.95210599899
1.88132309914
1.79749298096
1.94440293312
1.76957297325
1.88343906403
1.77119088173
1.79694700241
1.89743614197
1.90012717247
1.73195505142
1.92887091637
2.04081988335
1.73080301285
1.89509987831
1.81461286545
1.91214895248
2.15694785118
1.75811886787
1.6718878746
1.95022583008
2.22483491898
1.80852603912
1.8683590889
1.82976603508
1.65959882736
2.06019091606
1.82727909088
2.10607719421
1.76627206802
1.8366291523
0.944233179092
1.89285802841
1.64140701294
2.6481859684
1.87002015114
1.81456112862
1.87284898758
1.888712883
1.81732296944
1.94772386551
1.73387908936
2.27715110779
1.79468202591
1.90025305748
1.71273589134
2.5614669323
2.02452087402
1.70241498947
1.77071714401
1.8491768837
1.66982698441
2.09174704552
1.61331796646
2.21476507187
2.10785198212
1.90545010567
1.98947691917
2.27600693703
1.90240597725
1.65249180794
1.72430300713
2.18846201897
0.711729049683
0.173121929169
2.309289217
1.91929483414
2.33715105057
1.50567698479
2.16425895691
2.48618292809
1.73850512505
1.64617490768
0.45089507103
2.08921813965
1.98727679253
1.96177721024
1.90252685547
1.11318683624
1.81395196915
1.81436705589
1.83381390572
1.92412304878
1.93053603172
1.65298509598
1.91311311722
2.02842998505
1.94415378571
0.922569990158
1.91341614723
0.445385932922
2.2056620121
1.84162306786
1.86340689659
0.845901966095
1.88532090187
1.93379306793
1.8741209507
1.75701785088
1.99683189392
2.04842686653
2.00813603401
1.73615908623
2.31962299347
1.81563901901
1.88858699799
1.67134404182
2.18682980537
2.13769698143
1.07454013824
1.86959695816
1.78091096878
2.02646517754
1.80680704117
1.75243401527
1.06097602844
1.79247903824
1.80907607079
1.98081588745
1.95022892952
1.9645190239
1.92998313904
1.71052289009
1.64156198502
1.81778693199
1.74162101746
1.62209820747
1.74942994118
1.89451599121
1.70910716057
2.0247759819
1.66752910614
1.76102900505
1.79791212082
2.06789684296
1.66978406906
1.75007605553
1.87809705734
2.04029893875
1.67364287376
2.04803800583
1.87494087219
1.97756099701
1.54342198372
1.55880594254
1.15295410156
1.93147706985
1.8773291111
1.89737701416
1.91359305382
2.12494587898
1.79298186302
1.88773488998
2.33174300194
1.94641304016
1.53353381157
1.92776608467
1.83986902237
1.64559817314
1.57466387749
2.14411783218
3.32236409187
1.7527589798
1.93487286568
2.2427508831
1.94281387329
1.65835595131
1.59269785881
1.6782810688
1.66994190216
1.84654808044
1.99112200737
1.66802692413
2.22801804543
1.31488490105
1.94080495834
1.95779919624
1.92621207237
1.68111491203
2.12469887733
1.92155408859
2.12669897079
1.82808709145
2.56650400162
1.42200803757
1.9038271904
1.88876104355
2.0471560955
1.92843103409
2.00569105148
1.71601581573
2.22651410103
1.79255795479
2.35979199409
1.90087604523
2.63878107071
1.7117960453
1.78446102142
1.79207706451
1.79101991653
2.2158370018
2.38335895538
1.65138101578
2.26428294182
2.08554196358
1.66647291183
1.77727913857
1.82239294052
1.98488593102
1.97521615028
0.168525934219
1.5907330513
1.79497694969
1.75877809525
1.95593190193
2.23049902916
2.38456487656
0.91735291481
1.81085395813
1.67810797691
1.79660797119
2.09854698181
1.65606403351
1.91123390198
1.52878189087
1.98434901237
1.78531384468
2.48561501503
2.6806230545
1.78805589676
1.6579079628
1.97255110741
1.90713906288
1.8064289093
0.986674070358
1.80550694466
1.94290304184
1.28186988831
1.87081313133
1.79661202431
2.02839684486
1.72846198082
0.178558111191
1.89952397346
1.90621709824
1.75223708153
1.76681804657
0.89914393425
1.73976993561
1.77831101418
1.89788293839
1.77335190773
0.902137041092
1.82440590858
1.89609909058
1.73871088028
1.89099097252
1.97789096832
1.91704082489
0.371412992477
1.84474301338
1.87086391449
1.33049893379
1.81274700165
1.81579899788
1.2283821106
1.8598818779
2.03250288963
2.08915686607
1.89250206947
1.6942551136
1.95223808289
2.32358384132
1.69109201431
1.92232513428
2.05005192757
1.80775284767
2.01513791084
2.0252571106
2.06618213654
1.8380959034
2.30925107002
1.57658696175
1.81628417969
2.29031205177
1.84121799469
1.66226577759
1.64773106575
0.899312019348
1.79151010513
1.95534586906
1.65188694
2.13824510574
1.63934707642
2.42857694626
1.80242395401
1.59730386734
2.06180119514
1.65259218216
1.87272596359
2.12568688393
1.85748410225
1.80413794518
2.04807782173
2.07945203781
1.8334980011
2.07202506065
1.48212099075
2.23786091805
1.89198899269
1.94610309601
1.71087598801
1.90650510788
1.65032696724
2.20723009109
2.26053595543
1.70247793198
2.02498292923
1.32269692421
1.92450094223
1.7398660183
1.69569993019
1.62923598289
1.64300894737
2.02829408646
2.17939114571
1.87673902512
1.96817779541
1.86525511742
1.15007781982
1.96110296249
1.98190188408
1.49268221855
1.81670188904
1.71932578087
1.81618404388
1.90306901932
2.04073190689
2.39691114426
2.03791809082
1.66009998322
1.72117900848
2.40514612198
2.47599601746
2.03615093231
2.06496095657
1.89806199074
1.9547290802
2.15305018425
1.9247879982
1.708796978
1.95579719543
1.81756711006
1.82667589188
2.12071418762
2.08923387527
2.2047829628
1.827283144
2.10020303726
1.7477350235
2.13264799118
1.0770149231
2.05201721191
1.9891037941
1.87838411331
1.81610798836
1.57239699364
1.8602848053
1.90062403679
2.28665494919
1.61774897575
1.60591888428
1.98094201088
2.03168797493
1.80176997185
1.60405707359
2.11467409134
1.87145996094
2.03410482407
1.94866800308
2.38044691086
1.8256649971
2.06067609787
2.14187192917
1.6436419487
1.57484197617
1.84519886971
1.32699894905
0.207277059555
1.55650186539
1.88078403473
2.44427800179
2.11568784714
2.39544796944
1.80437994003
1.913449049
1.56678986549
1.60069084167
1.94203186035
1.98026490211
1.62656092644
2.13270998001
1.82832813263
1.70781493187
2.0593059063
0.768844127655
2.0989151001
1.97567176819
2.02455186844
1.97174406052
1.30570697784
1.71447300911
1.81693196297
1.61056113243
1.83934402466
1.85429096222
1.66587901115
1.76555299759
1.51349496841
1.94992184639
0.935036897659
2.06935095787
2.01023197174
2.09936404228
2.13758301735
1.94889998436
2.32045102119
1.85719680786
2.14496994019
3.29471206665
1.95109510422
1.80338692665
1.64440393448
1.94811892509
1.64924716949
1.69349694252
2.15907907486
1.7418050766
2.04752612114
1.70860409737
1.83993506432
1.78491902351
1.75655198097
0.90856385231
2.00460100174
0.143685817719
1.87652111053
1.14453101158
1.60439109802
1.72125387192
1.55145716667
2.15383601189
1.61392712593
1.56032896042
1.88504099846
2.01681399345
1.19535589218
1.91325497627
0.437540054321
1.94426608086
1.87292385101
2.10119819641
1.77798819542
0.820755004883
1.71701312065
1.80985212326
2.02122402191
1.71720814705
1.81875801086
1.68774795532
1.79800605774
1.91266322136
1.92770504951
2.0009829998
1.78859090805
1.80249404907
1.95013189316
1.67392706871
2.79208111763
2.13066697121
2.13292694092
2.09910511971
1.85863399506
2.1854929924
2.04579210281
2.14177393913
1.87443590164
1.77782392502
1.75292301178
1.71692585945
2.19941687584
3.09709000587
2.31632590294
1.80994606018
1.27554917336
1.07244491577
1.9044649601
2.01258897781
2.1170759201
1.94586896896
1.10663104057
1.85493302345
2.16154313087
2.47239518166
1.47917795181
2.10704612732
2.14023208618
1.97782993317
2.06158304214
2.02781796455
2.31312513351
1.8862080574
1.71317195892
1.70114898682
1.57804894447
2.37443804741
2.00111818314
2.13080501556
1.95157313347
2.33835506439
1.77863311768
2.04254293442
2.35905599594
2.05737280846
2.17056107521
1.75948095322
1.70517110825
1.90991282463
1.58337187767
2.08777189255
1.75743699074
1.85591197014
2.00074505806
2.39571690559
1.61717700958
1.65275287628
1.64361619949
2.08555006981
2.03151702881
1.92373394966
1.91124796867
1.80949187279
1.9314391613
2.0835018158
1.78507900238
1.638433218
1.91152715683
1.77172017097
1.81053090096
1.72505903244
2.31132888794
2.34161782265
2.29833698273
2.10761189461
1.91281104088
1.98548412323
1.74924111366
2.84501099586
2.69883298874
1.84750008583
2.44744610786
2.15201711655
1.92878818512
1.94892191887
1.83059406281
1.77800393105
1.82219409943
1.85796189308
1.81760621071
1.93072104454
1.93635487556
2.22626399994
2.0062930584
1.76154994965
2.03492999077
1.79795098305
2.39643192291
2.12021183968
1.81576991081
2.01002287865
0.159754991531
2.05024790764
1.86816811562
2.21321487427
1.66675519943
2.5801858902
1.82266402245
2.18561506271
2.28248691559
1.92106294632
2.07042312622
1.93341588974
2.02199006081
2.03639912605
1.89083099365
1.25679016113
2.83750414848
2.11026382446
1.8560128212
1.85046720505
1.69886207581
1.93956398964
1.76667308807
1.97158503532
1.85797810555
2.63388800621
1.91174983978
2.4044649601
1.92643713951
2.084004879
1.87703704834
1.96168017387
2.30907797813
1.78936290741
1.81402993202
1.74428582191
1.87437295914
1.92269992828
2.15382194519
2.14344978333
1.78994989395
1.79826188087
1.71207022667
2.1508128643
1.76493120193
1.73804402351
1.93744087219
1.85889101028
1.94400906563
2.13335990906
1.88543510437
2.10507297516
1.71760821342
2.07318210602
2.10932683945
1.84571003914
2.09219002724
1.76415896416
2.1095700264
1.68515586853
1.94713306427
1.8458340168
2.58951115608
2.13900709152
2.33919692039
1.81621003151
1.93114805222
1.86430692673
1.97108101845
2.42851209641
2.21012783051
1.73710393906
1.83743286133
1.91554093361
1.7041349411
1.8287088871
1.62787890434
2.10823988914
2.02720189095
2.32312989235
0.901287078857
1.75778603554
2.07867622375
2.01500892639
1.92075896263
1.78590297699
2.12583494186
1.74283289909
1.74232006073
