1.76235485077
1.76399087906
1.68262887001
1.7345290184
1.5917429924
1.84639787674
1.62180614471
1.80945801735
1.62189602852
1.87397789955
1.89622402191
1.72984099388
1.7715139389
1.58368706703
1.80699801445
1.61188983917
1.90297889709
1.59774589539
1.48771905899
1.89239406586
2.09067106247
1.74589490891
1.77151107788
1.63120889664
1.5973649025
1.6400308609
1.91916704178
1.64836788177
2.10349416733
2.22253894806
1.81508493423
1.98662900925
1.92857694626
1.92477488518
2.04229593277
1.98320102692
1.91970205307
1.52902412415
1.63953208923
1.77418899536
1.77740693092
1.78110313416
1.59246206284
1.46506690979
1.76365113258
1.81160998344
1.86784100533
1.6312918663
1.64690113068
2.31496405602
1.80140900612
2.45990586281
1.76441788673
1.87730002403
2.16402602196
2.13805508614
1.842056036
1.80143213272
1.65799117088
1.49110603333
1.60888195038
1.88320183754
1.57538414001
1.97327494621
1.87131094933
1.89480400085
1.83247113228
1.70875501633
1.63582897186
1.66263508797
1.67832112312
1.70829486847
1.75755596161
1.72706389427
1.61971616745
1.68289804459
1.632117033
1.65662789345
1.51553082466
1.84683299065
1.55264210701
1.6989068985
1.88516306877
1.86904716492
2.08511090279
1.76897501945
1.78595113754
1.67082190514
1.77204680443
1.43403482437
1.60499095917
1.75208091736
1.93857598305
1.42850494385
1.70268988609
1.68303084373
1.63309812546
1.72283387184
1.64050102234
1.66855621338
2.18890690804
1.93820405006
2.08207702637
1.95218992233
1.62819695473
1.59711098671
1.57527804375
1.60288310051
1.96730589867
2.16952896118
1.84451889992
2.17258119583
1.66772603989
1.5902030468
2.18079900742
1.73897886276
2.27451205254
2.14971208572
2.08746600151
1.96094703674
1.7775490284
1.97099995613
1.92713904381
1.92872095108
1.92507791519
1.81824207306
1.8562951088
1.60345292091
1.52743697166
1.64119386673
1.91357803345
1.75657701492
1.70099592209
1.53533315659
1.80039310455
1.81747412682
1.87157511711
1.66910290718
1.56520390511
1.92445898056
1.57861304283
1.37825703621
1.78260397911
1.7621049881
1.9292280674
1.94566702843
1.68337607384
1.69052004814
1.58915781975
1.76701402664
1.95105099678
1.67545604706
1.74201107025
1.56257510185
1.89720797539
1.51695299149
2.33825302124
2.36281585693
2.05722999573
1.97011899948
1.96190190315
2.27076792717
1.84117603302
2.33348703384
2.67372703552
2.28343296051
1.66130900383
1.87026190758
1.90102696419
1.82815384865
1.65604996681
1.75641512871
1.70648694038
1.81242895126
1.7793161869
1.58284807205
1.65292000771
1.92321705818
1.55310201645
1.79038095474
1.58059310913
1.79436588287
1.74620914459
1.59154295921
1.7452249527
1.80803394318
1.8570189476
1.91888809204
1.76191616058
1.87051415443
1.76649904251
1.67751479149
1.44066381454
2.05804920197
1.72337889671
1.77760601044
1.69697880745
1.89257907867
1.92697882652
1.78040194511
2.12418603897
1.80447387695
1.59582400322
1.73523592949
1.82709693909
1.69981598854
1.82047986984
1.8830640316
1.77923202515
1.77727794647
1.92309999466
1.80043721199
1.79406499863
1.55663490295
1.52871084213
1.69819903374
1.77313995361
1.70073008537
2.01312494278
1.9134221077
1.69992399216
1.61049604416
1.81160211563
1.64985394478
1.71285700798
1.80385088921
1.68058586121
1.80796194077
1.76026201248
1.60187101364
1.97094106674
1.64881491661
1.81817007065
1.83271598816
1.72773909569
1.51024699211
1.68665313721
1.73056101799
1.92934203148
1.48212790489
1.69795107841
1.91372299194
1.77417397499
2.05563998222
1.69051003456
1.59727907181
1.81407094002
1.67459893227
1.82005810738
1.90903902054
1.83306598663
1.94434094429
1.60191202164
1.69763302803
1.7208571434
1.6719789505
1.70285415649
1.85702180862
1.97658586502
1.91333508492
1.83368301392
1.7201321125
2.04503202438
1.97879815102
1.66636490822
1.73519706726
1.75718617439
1.68486809731
1.55712294579
1.80105996132
1.66517806053
1.78339195251
1.68044400215
1.85332107544
1.80323004723
2.04347610474
2.12923288345
1.95809602737
1.78678107262
1.64480900764
2.04577708244
1.96635699272
1.69281101227
1.91073799133
1.71549391747
1.74201917648
1.666203022
1.64587187767
1.66564202309
1.74405503273
1.76481986046
1.76040101051
1.85089302063
1.56828999519
2.05226898193
1.74184918404
1.73217797279
1.82203197479
1.98878192902
1.9812939167
1.80070590973
1.80219197273
1.45989704132
1.88972592354
1.82105994225
1.66246294975
1.7542860508
1.51896309853
1.80057096481
1.69624400139
1.69999504089
1.58246612549
1.87598705292
1.52688884735
1.67787313461
1.48685216904
2.21965909004
1.89622402191
1.88346099854
1.69189190865
1.6125562191
1.65211892128
1.63868713379
1.90445709229
1.83218598366
1.5676779747
1.97036790848
1.82210493088
2.21583509445
2.05500793457
1.5181889534
1.80830383301
1.70992612839
1.82518696785
1.59189391136
1.67780303955
1.85516500473
1.60176491737
1.72570300102
1.99454689026
1.7479698658
1.69846701622
1.62026309967
1.92910885811
1.63304209709
1.71580505371
1.6569070816
1.59378099442
1.721118927
1.89387321472
1.53168296814
1.49996399879
1.67346215248
1.58270215988
1.61757898331
1.82274413109
1.974640131
1.94283795357
2.06366109848
1.75165104866
1.83450198174
2.15205597878
1.76187992096
1.76250314713
1.78159308434
1.80868577957
1.58022594452
1.90497493744
1.81339907646
2.03960800171
1.80245494843
1.73525595665
1.93981099129
1.65220999718
1.8622648716
1.78258895874
1.49358892441
1.82069802284
2.01353883743
2.15986394882
1.95534706116
1.71201610565
1.70632195473
1.94114613533
1.64475393295
1.93468213081
1.82018613815
1.93806910515
1.59222197533
1.9195599556
1.7634510994
1.69495987892
1.89420986176
1.80294489861
1.73050785065
1.72742390633
1.8560500145
1.60569906235
1.81880402565
1.61583781242
1.94260883331
1.59148597717
1.73447203636
1.93246483803
1.65615105629
1.94484806061
2.06256818771
1.92956185341
1.80645298958
1.60310292244
1.95590591431
1.82786202431
1.93549990654
1.66877913475
2.10627508163
1.71508383751
1.56699180603
1.65601801872
1.59963703156
2.06036996841
1.62885379791
1.69425797462
1.77967405319
1.73585510254
1.64671182632
1.80589413643
1.90526986122
1.71960496902
2.02509498596
1.83224010468
1.84394884109
1.89739704132
1.62835502625
1.85543894768
1.95794701576
1.98825383186
1.98925209045
1.68423986435
1.56809091568
1.95274090767
1.63855004311
1.60543417931
1.64879202843
1.92906498909
1.68956398964
1.73558211327
1.71118807793
2.10064816475
1.59595704079
1.78226685524
1.58446311951
1.85617804527
2.02541089058
1.67549991608
1.88255786896
1.6711230278
1.60940599442
1.72816991806
1.91432595253
1.5120139122
1.86434602737
1.63847708702
1.70932602882
1.75552010536
1.88414311409
1.53139805794
1.78392696381
1.57933998108
1.68561983109
1.67229580879
1.75557184219
1.68221592903
1.8961391449
1.5587439537
1.91048693657
1.58237099648
1.80604791641
1.80266022682
1.49305415154
1.75396513939
1.91377592087
1.80251383781
1.8493309021
1.6663210392
2.0681438446
1.55999803543
1.82374787331
1.85320901871
1.88780999184
1.78303813934
1.71448612213
1.82018899918
1.5733230114
1.9614739418
1.60044193268
1.92539596558
1.99768710136
1.84139990807
1.80188012123
1.72822880745
1.90549516678
1.62579083443
1.80457520485
1.91141796112
1.6021668911
1.7036318779
1.65891599655
1.73757410049
1.69638681412
1.60667395592
1.66585898399
1.75493884087
1.59444403648
1.901293993
1.81108307838
1.84907412529
1.7179980278
1.8042280674
1.66624498367
1.67410588264
1.53458285332
1.69549393654
1.50078082085
1.94324016571
2.05728602409
1.68804907799
1.41479802132
1.95226788521
1.70962095261
1.62713003159
1.64947485924
1.91345715523
2.0506799221
1.59741401672
1.76802587509
1.94329380989
1.7771089077
1.91861510277
1.9835691452
1.80292606354
1.63747000694
1.85085487366
1.8863389492
1.70961999893
1.59374904633
1.93033099174
1.91794610023
1.77997612953
1.53113889694
1.73421502113
2.06814289093
1.77600693703
1.88417387009
1.56855416298
1.72733402252
1.69744896889
1.78022003174
1.88032603264
1.91896700859
1.82173490524
1.82008504868
1.74077415466
1.7241871357
1.89449596405
2.01494693756
1.9406080246
1.72719192505
1.97206997871
2.13401699066
1.85455298424
1.9833688736
1.76677107811
1.92271709442
1.82871103287
1.94105315208
1.68667197227
1.7692759037
2.35999798775
1.48783898354
1.67747688293
1.88740611076
1.99378705025
1.92775392532
1.74053406715
1.76308012009
1.75127506256
1.84994602203
1.8957631588
1.64659500122
1.68237400055
1.71293497086
1.88612389565
1.55749702454
1.8730430603
1.66176199913
1.56716895103
1.6216378212
1.62398099899
1.8770699501
1.72881197929
1.90497493744
1.60479688644
2.09056806564
1.87987208366
1.79554891586
1.79477000237
2.13565278053
1.69702911377
1.81209802628
1.88986992836
1.6531791687
2.08419084549
1.76479005814
1.74095201492
1.50823712349
1.94217705727
1.79948306084
1.96894884109
1.69949102402
1.71995902061
1.70109295845
1.64084196091
1.58128595352
1.66440296173
1.62784600258
1.88206005096
2.43133711815
1.6987080574
1.72648787498
2.15174198151
1.72451305389
1.71334695816
1.67321300507
2.06375002861
1.63304591179
1.70117712021
1.78362584114
1.95406913757
1.60268878937
1.85598707199
1.6900510788
1.59185004234
1.52420282364
1.86390089989
2.0217730999
1.88946509361
1.74625015259
1.46140503883
1.87466597557
1.48932981491
1.94679689407
1.82741498947
1.91545796394
1.82310199738
1.74224305153
1.76432800293
1.91384601593
1.65865588188
2.00773096085
1.7639400959
1.94483208656
1.65526580811
1.69321799278
1.71708798409
1.53149199486
1.85979104042
1.79584002495
1.89815211296
1.82130599022
1.74373483658
2.01194596291
1.70160102844
1.66235685349
1.75517392159
1.76860499382
1.64435982704
1.74423980713
1.69679188728
1.64048910141
1.97079515457
1.87340497971
1.7968890667
1.63498711586
1.73301100731
1.60928106308
1.80696797371
1.62249803543
2.0590929985
1.82466506958
1.62225103378
1.73925113678
1.81562304497
1.73009800911
1.81451702118
1.75613689423
1.90160703659
1.69933891296
1.80576491356
1.69108700752
1.69935584068
1.88515496254
1.80244398117
1.71796298027
1.85381913185
1.94504094124
1.77375602722
1.85402393341
1.78296113014
1.87400007248
1.89853310585
1.72456598282
1.75292205811
1.86300182343
1.71016812325
1.75051498413
1.80434203148
1.87755489349
1.70892286301
1.73668289185
1.77303099632
1.89291787148
1.73490190506
1.6897649765
2.00850176811
1.99402809143
1.63935112953
1.79088592529
1.91059613228
1.71445798874
1.88025712967
1.80996894836
1.82789182663
2.04297804832
1.7284090519
1.75839090347
1.69841980934
1.60534095764
1.59873890877
1.66912603378
2.00533795357
1.68723011017
1.62822079659
1.86476302147
1.89204883575
1.61613917351
1.66076517105
1.80352687836
2.02982997894
1.61656403542
1.66203904152
1.91922187805
1.73289704323
1.58777594566
1.848954916
1.72138190269
1.49930000305
1.77041697502
1.70739197731
1.63022398949
1.53231191635
1.82306718826
2.03893899918
1.62122011185
1.68962287903
1.65109610558
1.90280103683
1.93331003189
1.65304803848
1.60388207436
1.61505103111
1.90310311317
1.94123101234
1.65607380867
1.71491193771
1.84590482712
1.65318107605
1.68564891815
1.81572794914
1.80077576637
1.94710588455
1.9709918499
1.73925280571
1.75911092758
1.72822403908
1.98800897598
1.7044479847
1.80286121368
1.72048807144
1.71293497086
1.77999901772
1.67186689377
1.76650094986
1.50521397591
1.81310892105
1.9399061203
1.69442796707
1.74336409569
1.52932691574
1.6563949585
1.67299103737
1.85711407661
2.0272128582
1.94598698616
1.8031411171
1.64863801003
1.77748894691
1.80892705917
1.90611600876
1.87117886543
1.89154314995
1.69902086258
1.79228210449
1.59003996849
1.44907593727
1.69251203537
1.62395691872
1.45317006111
1.64247083664
1.76640605927
1.97891116142
1.79009509087
1.86233997345
1.69906902313
1.90180516243
1.56397080421
1.56369495392
1.92873692513
1.95002198219
1.68967294693
1.92062592506
1.50072598457
1.62331485748
1.89566612244
1.71619486809
1.69086885452
1.85350298882
1.92872881889
1.73254203796
1.92185902596
1.90180492401
1.92801690102
1.99596786499
1.74017906189
1.78888392448
1.67303299904
1.67455410957
1.77621817589
1.6570110321
1.65418386459
1.55939793587
1.88111186028
1.82831311226
1.82085394859
1.73668003082
1.61995387077
1.77113294601
1.61253905296
1.6410241127
1.74668884277
1.91560196877
1.80146288872
1.83202004433
1.97215509415
1.6034758091
1.70526814461
1.79594993591
1.83220696449
1.78671813011
2.04161596298
1.81069612503
1.92007803917
1.71989607811
1.47095298767
1.61460494995
1.98356389999
1.87723016739
1.7322371006
1.87112808228
1.82275700569
1.85401391983
1.56693291664
2.04893898964
1.75658106804
1.7609038353
1.78568005562
1.76260709763
1.64177107811
1.59202194214
1.86680197716
1.72640705109
1.82717204094
1.88704204559
1.78459501266
1.97053289413
1.9497718811
1.60775589943
1.54877901077
1.83037996292
1.69629001617
1.64331889153
1.6698679924
1.76868009567
1.61625409126
1.6758351326
1.80995702744
1.71947407722
1.81938099861
1.62013602257
1.62224507332
1.56277704239
1.55919504166
1.69271206856
1.91263985634
1.673432827
1.89554905891
1.53136706352
1.74996900558
1.85013103485
1.77604985237
1.84898090363
2.09074211121
1.67199921608
1.80804681778
1.69596815109
1.96811294556
1.67769289017
1.82616519928
1.73236918449
1.78806018829
1.67927217484
1.65331196785
1.70227718353
1.60597300529
1.83360099792
2.04852700233
1.82517194748
1.90210795403
1.8847091198
1.85977816582
1.51242899895
1.56238102913
1.70339918137
1.65749597549
1.54796004295
1.82293987274
1.74910092354
1.71398711205
1.8857960701
1.7319149971
1.6639559269
1.93939995766
1.55987906456
1.68970108032
1.54835414886
1.96418905258
1.75325989723
1.79872298241
1.92977309227
1.61348199844
1.7705681324
1.8647840023
1.50360012054
1.77191305161
1.72573590279
1.62278079987
1.65987801552
1.75008177757
1.89972996712
1.8442928791
1.49171113968
1.80903601646
1.93508481979
1.6347360611
2.27203202248
1.96815395355
1.58403015137
2.1274459362
1.50279116631
1.51850986481
2.06020689011
1.7698071003
1.7987370491
1.90321302414
1.55694293976
1.60025501251
1.78638601303
1.76258587837
1.79635691643
2.05247116089
1.64317083359
1.67182683945
1.92894887924
1.64084887505
1.68944001198
1.76919913292
1.80297398567
1.84195709229
1.70685911179
1.55534482002
1.80057215691
2.12093114853
1.77828288078
1.8618710041
1.77133989334
1.74171280861
1.87560105324
1.93134498596
2.0400891304
1.70928096771
1.74906110764
1.88865804672
1.94129610062
1.84028792381
1.75193810463
1.75481009483
2.03573298454
2.17261004448
1.77618002892
1.87691783905
1.87452888489
1.95090007782
1.70616817474
2.03859305382
1.87886118889
2.00441288948
2.00044512749
1.88806986809
1.60765790939
1.60599422455
1.9636528492
1.89367985725
1.65889716148
1.90392398834
1.85816216469
1.79794001579
1.99579596519
2.08880901337
1.87645292282
1.80440187454
2.14709281921
1.69570493698
1.736743927
1.81085896492
1.76368904114
1.93173098564
1.61205101013
1.74097514153
1.62587285042
1.83013701439
1.83981919289
2.0119240284
1.81314206123
1.95083498955
1.98664999008
1.82397794724
1.44846200943
1.83090090752
1.64656615257
1.7984828949
1.84934091568
1.62567400932
1.62790107727
1.62891101837
1.51576709747
1.81254506111
1.68435120583
1.89685702324
1.79591202736
1.73122000694
1.72992992401
2.22970795631
1.69015002251
1.94792795181
1.79151201248
1.58424305916
1.51283788681
2.05772805214
1.97255992889
1.77636098862
2.04978299141
1.90929412842
1.77272701263
1.59748291969
1.83973908424
1.75710511208
1.95590305328
1.54112410545
1.75562596321
1.58605694771
1.90353894234
1.74251484871
1.80067801476
1.78615403175
1.71563386917
1.62639117241
1.88506507874
1.66033196449
1.63681912422
1.57952594757
1.68384194374
1.99295306206
1.95914793015
1.55178904533
1.66926717758
1.93089103699
1.84040594101
1.72824883461
1.65192294121
1.55616188049
1.67024302483
1.59944701195
1.94082903862
1.67474317551
1.71731209755
1.93837618828
1.89711809158
2.12244486809
1.95861887932
1.94693517685
1.63202595711
2.04317498207
1.67597794533
1.67068481445
1.74433708191
1.84590005875
1.78427577019
1.77190589905
1.82875204086
1.88961005211
1.83303594589
1.65671682358
1.67741107941
1.88292813301
1.96210694313
1.80843186378
1.56077694893
1.63016009331
1.71898198128
1.82469391823
1.86403393745
1.76295208931
1.73391389847
1.65966510773
1.67503404617
1.80436897278
1.66621899605
1.89706611633
1.875852108
1.91443705559
1.98161292076
1.91760993004
1.80760097504
1.98637199402
2.08266997337
1.98966503143
1.80265307426
2.11907505989
1.91814422607
1.6588947773
1.57157683372
1.87541913986
1.81862592697
1.76099896431
1.66485786438
1.75913882256
1.85692501068
1.93768191338
1.82792782784
1.73822903633
1.8177511692
1.79496121407
1.62600684166
1.94728589058
1.87485289574
1.87905597687
1.63975286484
1.57586812973
1.9407749176
1.78805685043
1.49011111259
1.68948411942
1.90609908104
1.66906189919
1.88421010971
1.80576395988
1.59471583366
1.78937411308
1.585064888
1.95062708855
1.64545989037
2.12523007393
1.76120400429
1.69226098061
2.03608703613
1.77373385429
1.83274698257
1.91600298882
1.63497304916
1.66059398651
1.77107310295
1.66163802147
1.86126208305
1.86276388168
1.52051091194
1.5776848793
1.89052605629
1.80966615677
1.57921504974
1.76234292984
1.76575183868
1.65095806122
1.71277189255
1.57389616966
1.86041092873
1.87884712219
1.67206788063
1.59272098541
2.10993695259
2.0607252121
1.58189511299
1.80818414688
1.87680101395
1.76893305779
2.00077104568
1.80212903023
1.73211193085
2.0782699585
1.60484695435
1.47210597992
1.77616882324
1.78116202354
1.8006310463
1.97884607315
1.5534029007
1.66000008583
1.99105501175
1.8785598278
1.68852305412
1.86532092094
1.78261780739
1.50758099556
1.96921086311
1.8331091404
1.94248485565
1.98950695992
2.02961397171
1.79524993896
1.47071290016
1.67375612259
1.71104311943
1.74963903427
1.41751694679
1.82280707359
1.63688206673
1.7360599041
1.70556497574
2.03942012787
1.85242700577
1.73622584343
1.59667181969
2.01515102386
1.45494103432
1.75696206093
1.64178204536
1.87992191315
1.82769799232
2.01807308197
1.87416100502
1.92269301414
1.57446312904
1.65801906586
1.86803102493
1.91538190842
1.798609972
1.64046216011
1.67299389839
1.53438520432
1.64309883118
1.69235682487
1.53521299362
1.65931081772
1.68915891647
1.65515184402
1.90739798546
1.58671402931
1.74214887619
1.63557505608
1.7908308506
1.86525702477
1.76287508011
1.99290204048
1.63542795181
1.86735296249
1.69300293922
1.75789093971
1.58212900162
1.88309192657
1.61287999153
1.92571997643
1.83617806435
1.7422709465
1.91251301765
1.6453640461
1.74628400803
1.54189896584
1.85268497467
1.81013894081
1.58689498901
1.55978298187
1.9523100853
1.75423693657
1.93153691292
1.66404604912
1.87743020058
1.80725908279
1.87170290947
1.64378786087
1.63260293007
1.6928589344
1.6866850853
1.94650793076
1.64515519142
1.71505594254
1.65541291237
1.77932095528
1.93997716904
1.82930779457
1.57244896889
1.94523596764
1.5083489418
1.64314413071
2.00204706192
1.7474861145
1.70670390129
1.67655611038
1.91953706741
2.03597903252
1.77736020088
1.9417321682
1.72003698349
2.03881716728
1.83535790443
1.49951505661
1.67942786217
2.01378798485
1.65480804443
1.78473591805
1.92779278755
1.72736001015
1.79574108124
1.89043617249
1.72162103653
1.58682203293
1.88029313087
1.41413712502
1.54729199409
1.57102203369
1.87117314339
1.76170706749
1.60261297226
1.77992987633
1.80627298355
1.86479210854
1.68992090225
1.85477995872
1.60401296616
1.87424206734
1.63607287407
1.7734208107
1.75571584702
1.80277895927
1.65053200722
1.71812391281
1.56535506248
1.85728883743
1.86551880836
1.87623310089
1.67920398712
2.1578669548
1.69575309753
1.75198888779
1.64541506767
1.76188397408
1.71873402596
1.46155309677
2.15779209137
1.87255716324
1.7803940773
1.88873505592
1.80552005768
1.76024198532
1.71878194809
1.68742394447
1.62172794342
1.70444607735
1.78418898582
2.05433011055
1.48278713226
1.68647909164
1.7455830574
1.82916212082
1.91790103912
1.83161902428
1.67185091972
1.91784310341
1.90722489357
2.06868600845
1.51860594749
1.75245213509
1.74592590332
1.8056781292
1.82201814651
1.80952000618
1.62683916092
1.60122799873
1.85219097137
2.02590894699
1.55606079102
1.64363598824
1.5956158638
1.59342813492
2.00169992447
1.81669807434
1.92055106163
1.63809299469
1.79119682312
1.62031602859
1.51789808273
1.83359098434
1.79216194153
1.86382889748
1.88688898087
1.54580211639
1.96572399139
1.94996404648
1.68531799316
1.67523384094
1.58849906921
1.65433192253
1.82236099243
1.56455516815
1.64857792854
1.72034287453
1.88709783554
1.76819491386
1.58504605293
1.80056905746
1.86455392838
1.49904489517
1.91377091408
1.75925302505
1.73618912697
1.90793991089
1.70337295532
1.6766910553
2.08707284927
1.85295796394
1.82508897781
2.08730697632
1.87687301636
1.65812015533
1.65503787994
1.67213892937
1.82824802399
1.38866305351
1.62748599052
1.72623300552
1.61205387115
1.85702419281
1.76105284691
1.62839198112
1.85134506226
1.90680003166
1.84877419472
1.56604599953
1.57970094681
1.54840707779
1.86612582207
2.03352093697
1.62888789177
1.64839291573
1.76935720444
1.64156603813
1.59205889702
1.78881406784
1.70559310913
1.66464710236
1.90797281265
1.69003582001
1.85524916649
1.72225213051
1.5666680336
1.62461209297
1.94998693466
1.82333898544
1.3557510376
1.68116998672
1.51339697838
1.90604615211
1.72282600403
1.94291901588
1.62852311134
1.82025909424
1.67105698586
1.71903395653
1.72797584534
1.94584298134
1.6359231472
1.61967086792
1.65791201591
1.61524796486
1.92576503754
2.0092959404
1.54009819031
1.68755197525
1.6443529129
1.5726518631
1.59825015068
1.71021103859
1.80429291725
1.67280006409
1.88678789139
1.67739295959
1.83884596825
1.75106191635
1.87532305717
1.79476499557
1.92434000969
2.01129698753
1.48846793175
1.67692899704
1.67963910103
1.90758609772
1.90495300293
1.98819684982
1.85282802582
1.87291002274
1.73709893227
1.58623695374
1.79507017136
1.76076197624
1.77531599998
1.83669519424
1.62804603577
1.75255084038
1.76131510735
1.57359695435
1.73435902596
1.68937492371
1.78086209297
1.87462997437
1.86130094528
2.07747912407
1.63858413696
1.69317412376
1.50634789467
1.64976811409
1.6422328949
1.78267788887
1.8718020916
1.80283784866
2.04228115082
1.526471138
1.82561898232
1.5490629673
1.621322155
1.75933408737
1.90981411934
1.71810102463
1.98728609085
1.92073702812
1.69723200798
1.54579496384
1.71013092995
2.11994290352
1.86913704872
1.70627117157
1.90215015411
1.92890405655
1.72160196304
1.76493191719
1.7536380291
1.51725196838
1.67106986046
1.80141496658
1.7713599205
1.89302897453
1.68867993355
1.53112101555
1.98077893257
1.95590186119
1.67577719688
1.63597893715
1.61739611626
1.76591897011
1.62588405609
1.93589091301
1.80716085434
1.62863302231
1.67199492455
1.98695921898
1.70217704773
1.71998596191
1.67967581749
2.02038383484
1.80246305466
1.71208810806
2.05364704132
1.70490598679
1.81300806999
1.62599492073
1.65986609459
1.74554395676
1.90027689934
1.94338083267
1.57795596123
1.61689090729
1.84038805962
1.80475306511
1.66529989243
1.65930199623
1.73167896271
1.79890394211
1.79051303864
1.76365494728
1.74467301369
1.64132714272
1.68036699295
1.5714199543
1.77967882156
1.61930012703
1.70608901978
1.94426989555
1.88236713409
1.879144907
1.61314702034
1.99624896049
1.68343400955
1.78161382675
1.58405900002
1.48976707458
1.90420794487
1.94262599945
1.77086400986
1.70057010651
1.66880297661
1.47643494606
1.8575720787
1.66310596466
1.88331508636
1.56721496582
1.7641928196
1.83211398125
1.81726408005
1.76908397675
1.81610298157
1.72448396683
2.03701090813
1.89349389076
1.5971660614
1.85359382629
1.4911839962
1.79588603973
1.6998090744
1.55486011505
1.92745900154
1.67882704735
1.99826598167
1.72861599922
1.93720698357
1.73495388031
1.86267113686
1.5651550293
1.8487200737
1.86080408096
1.85820007324
1.82613897324
1.62576985359
1.80785799026
1.6828391552
1.57468605042
1.86028003693
1.93500208855
1.71110510826
1.75577688217
1.6044459343
1.76558113098
1.55574989319
1.74135303497
1.5802989006
1.77148294449
1.742208004
1.93817090988
1.74479794502
1.62659907341
1.73188400269
1.76480722427
1.76204419136
1.86031389236
2.00801205635
1.92779493332
1.90756702423
1.69384407997
1.9874420166
1.60573983192
1.98987913132
1.72859811783
1.61227798462
1.69100403786
1.70575094223
2.06561088562
1.93285679817
1.86420202255
1.95645499229
1.80747294426
1.87983393669
1.62720012665
1.87262797356
1.57904195786
1.74740314484
1.69605398178
1.71031618118
1.61773705482
1.8810300827
1.47529506683
1.63687705994
1.62229204178
1.71649599075
1.87070798874
1.61582493782
1.66212201118
1.56318807602
2.02882695198
1.94864082336
1.9654109478
2.11621499062
1.79049396515
1.73441886902
2.08399820328
1.79186201096
2.02340507507
1.57593011856
1.85011315346
1.6914088726
1.66667580605
1.63780999184
1.84606790543
1.81162595749
1.7923169136
1.60326004028
1.63233709335
1.87261199951
1.9523100853
1.76680707932
1.81751990318
1.70438289642
1.52512598038
1.58908390999
1.90482091904
1.87616491318
1.7378051281
1.48142504692
1.60119104385
1.60889410973
1.69751000404
1.51513695717
2.07870197296
1.81056189537
1.77157282829
1.60127902031
1.69528698921
1.88691782951
1.76387190819
1.62431883812
1.6248550415
1.60411095619
1.73932600021
1.75564002991
1.84833502769
1.90629982948
1.8154668808
1.53954315186
1.68182897568
1.66756415367
1.86884880066
1.80488681793
1.7472858429
1.70857214928
1.94466590881
1.79984688759
1.76193404198
1.96022105217
1.82145404816
1.67126011848
1.56183600426
1.81164383888
1.70664286613
1.79207992554
1.74622702599
1.48299384117
2.06096482277
1.56600618362
1.84024596214
1.80907797813
1.50894212723
1.77198600769
1.91299891472
1.7851691246
1.88134598732
1.84513187408
1.98498106003
1.83338499069
1.70524907112
1.93903803825
1.77755999565
2.00744104385
1.72553300858
1.62626099586
1.85101485252
1.83506202698
1.8646531105
1.92143201828
1.47957611084
1.69844794273
1.69364881516
1.50267004967
1.79164814949
1.59719705582
1.60008502007
1.68761110306
1.77261710167
1.71058487892
1.74964594841
1.68314981461
1.72796487808
1.66456103325
1.82870197296
1.922082901
1.66979789734
1.71087408066
1.60030198097
1.81585597992
1.95858216286
1.86780309677
1.9199719429
1.84545493126
1.75933504105
1.79872393608
1.74558997154
1.79555606842
1.61463689804
1.64847493172
1.73690795898
1.64071297646
2.08688306808
1.67913484573
2.08064293861
1.7012219429
1.86630606651
1.75373291969
1.6239991188
1.82503008842
1.78957509995
1.68060421944
1.90693712234
1.93434309959
1.90017294884
1.73608112335
1.77607798576
1.67152500153
1.69964885712
1.60968184471
1.64764595032
1.82876086235
1.77518701553
1.59339904785
2.06597614288
1.70622301102
1.77391505241
1.67376685143
1.66050601006
1.55010795593
1.81746196747
1.53212213516
1.73952293396
1.78760695457
1.64052987099
1.72981595993
1.88842082024
1.76633310318
1.73164916039
1.72168397903
1.83693194389
2.01894712448
1.79399013519
1.81042909622
1.97718095779
1.73060894012
1.62471485138
1.99985694885
1.80425810814
2.08473396301
1.75679707527
1.60500001907
1.72140908241
1.86700701714
1.73701405525
1.83506298065
1.69186806679
1.79354000092
1.81786084175
1.88366985321
1.82070994377
1.69492697716
1.75151276588
1.92522287369
1.65007090569
1.69549107552
1.49085593224
1.8755569458
2.07984089851
1.56179904938
1.64215302467
1.59270119667
1.9354891777
2.04441213608
1.91108584404
1.89685511589
1.83756184578
1.76497006416
1.62026596069
1.76037120819
1.86833500862
1.71699285507
1.84134507179
2.07632303238
1.67161297798
1.56342601776
1.86422896385
1.658878088
1.57901287079
1.78945589066
2.0055308342
1.85999488831
1.76405620575
1.70543384552
1.70720815659
1.95567107201
1.65205097198
1.63396382332
1.6017639637
1.65654301643
1.69139790535
1.96913194656
2.00556492805
1.73176693916
1.75477004051
1.75476789474
1.8468811512
1.6257519722
1.60218310356
1.7106449604
1.59380507469
1.57001900673
1.82014584541
1.80079889297
1.65821790695
1.62107086182
1.96828985214
1.66736888885
1.75579500198
1.81401014328
1.67207098007
1.45986413956
1.53004598618
1.77281594276
1.69174289703
1.60022902489
1.8249809742
1.88709592819
1.66071200371
1.74520301819
1.65424704552
1.49502396584
1.61000108719
1.58490610123
1.63399481773
1.69574308395
1.53265309334
1.99857020378
1.78987002373
1.66276979446
1.77144408226
1.78666710854
1.65085482597
2.12921190262
1.97572302818
1.82411694527
1.94532895088
1.83925700188
1.55341601372
1.871104002
1.83594298363
1.62820506096
1.59285116196
1.69583892822
1.70836210251
1.9795229435
1.74711990356
1.64508104324
1.66013002396
1.69185495377
1.77425408363
1.75400996208
1.64050197601
1.84219098091
2.04299402237
1.52448511124
1.65832996368
1.75219297409
1.94020414352
1.69400691986
1.59539699554
1.84031891823
1.65332698822
1.59066987038
1.74267983437
1.62054514885
1.71778488159
1.75992584229
1.80259799957
1.68004202843
1.61730098724
1.6804959774
1.69674706459
1.68800091743
1.76208496094
1.69203495979
1.7605009079
1.6418941021
1.69057893753
1.95542812347
1.67736792564
1.81465888023
1.81456017494
1.58255410194
1.5431098938
2.10937905312
1.64611506462
1.54237508774
1.66949105263
1.79658007622
1.72343492508
1.87539196014
1.75328087807
1.52460813522
1.68178319931
1.94763588905
1.64083790779
1.67196989059
1.75463485718
1.98644208908
1.7141559124
1.75323486328
1.76101517677
1.74367904663
1.5974149704
1.78876900673
1.87018084526
1.79864406586
1.92237496376
1.92859601974
1.86665296555
1.83185195923
1.49239587784
1.85122919083
1.6721560955
1.83749699593
1.74446797371
1.66418385506
1.61474108696
1.72038984299
1.7664809227
1.72685480118
1.79912185669
1.6494820118
1.51331210136
1.65359187126
1.81187200546
1.83111596107
1.76645493507
1.84913706779
1.84887290001
1.66999101639
1.82800793648
1.66138887405
1.97198390961
1.91831803322
1.82001495361
1.70916986465
1.66842198372
1.73589110374
1.95416092873
1.74699902534
1.80213809013
1.59658694267
1.69122195244
1.6843328476
1.81953811646
1.66916799545
1.94838094711
1.5896320343
1.91232991219
1.64813113213
1.96993303299
1.67139005661
1.78555393219
1.78739905357
1.57065606117
2.0605430603
1.60859584808
1.68274712563
1.61918997765
1.67573404312
1.72969794273
1.67327690125
1.78515505791
1.52535295486
1.76538801193
2.08075404167
2.00021910667
1.68786501884
1.66253399849
1.89948892593
1.67502903938
1.62405800819
1.96399688721
1.59228205681
1.8377020359
1.60777592659
1.82104992867
1.86777496338
1.68306899071
1.97551012039
2.02642607689
1.80921196938
2.05582404137
1.56533813477
1.71982884407
2.08051204681
1.83111715317
1.7681210041
1.85763382912
1.73517513275
1.76129794121
1.72194910049
1.5227329731
1.94000196457
1.97412800789
1.74309706688
1.45984005928
1.59321117401
1.80877900124
1.74559998512
1.79251503944
1.9639480114
1.85351204872
1.79551386833
1.88246417046
1.63424086571
1.65879392624
1.92439317703
1.85848712921
1.59920120239
1.72095584869
1.92652392387
1.67295193672
1.66678404808
1.79768586159
1.68271684647
1.6797118187
1.84638810158
1.80079197884
1.82724118233
1.51498794556
1.72155809402
1.8630001545
1.86299395561
1.71491718292
1.78328609467
1.82247400284
1.84226703644
1.879789114
1.92494082451
1.73282194138
1.95576310158
1.50824594498
1.48527693748
1.91071391106
1.71851801872
1.56566214561
1.68679881096
1.76047110558
1.68950510025
1.81663298607
1.83237409592
1.9592051506
1.81972408295
1.69465303421
1.74578499794
1.76591014862
1.6183719635
1.75819206238
1.76682496071
1.73737192154
2.23936700821
1.73839116096
1.63874316216
1.59502482414
1.52078700066
1.96262001991
1.74290919304
2.06510686874
1.69915890694
1.70958709717
1.92523407936
1.88731312752
2.16461515427
2.02129292488
1.62406992912
1.64276385307
1.64168190956
1.77599620819
1.64816904068
1.69828104973
1.63152885437
1.74181389809
1.72474694252
1.63520288467
2.03409790993
1.80449199677
1.86558389664
1.77298402786
1.71999692917
1.38162589073
1.86293911934
1.98816299438
1.75870800018
1.75396800041
1.85963106155
1.53054499626
1.63587808609
1.50907206535
1.83817005157
2.04791212082
1.72243690491
1.59377503395
1.56554889679
1.64388585091
2.00286507607
2.08321690559
1.52699685097
1.56677794456
1.71643304825
1.62152600288
1.78578591347
1.57888412476
2.07344698906
1.65805792809
1.87957286835
1.49989700317
1.66579914093
1.8055741787
2.04397988319
1.61690783501
1.73398208618
2.06972193718
1.50207495689
1.97606611252
1.85169887543
1.62364292145
1.64400792122
2.09017014503
1.6948800087
1.82824420929
1.33829593658
1.65160107613
1.58764791489
1.89078593254
1.67808508873
1.92060780525
1.8370449543
1.64584898949
1.7886941433
1.81890296936
1.78464412689
1.67990112305
1.73147392273
1.82974815369
1.61918902397
1.75797510147
1.80470609665
1.78619790077
1.87257194519
1.85333395004
1.77390909195
1.81764888763
1.71005797386
2.10160899162
1.8551158905
1.66212797165
1.65957999229
1.68507313728
1.6968588829
1.6298828125
2.09502100945
1.62183094025
1.83244585991
1.87837910652
1.49432706833
1.91914010048
1.68818902969
1.71844911575
1.59291481972
1.62034511566
1.86908006668
1.66782402992
1.93260288239
1.95107388496
1.77875185013
2.10533118248
1.95292901993
1.83000302315
1.71764206886
1.85606789589
1.92058205605
1.98716592789
1.82042598724
1.76024007797
1.6543879509
1.86008095741
1.67979121208
1.74550485611
1.79267406464
1.67048001289
1.91251397133
1.67320084572
1.76879715919
1.83782196045
2.09248590469
1.73262000084
1.95343399048
1.88466787338
1.75802206993
1.92503595352
1.67340493202
1.60292506218
1.75355815887
1.77765798569
1.6833460331
1.77404880524
1.73568105698
1.93819308281
1.61770701408
1.67666602135
1.69828796387
1.73908996582
1.63630890846
1.55348801613
1.59812998772
1.67141485214
1.76291298866
1.77967405319
1.84759306908
1.73436903954
1.53934192657
1.53716802597
1.65564107895
1.58753490448
1.77694392204
1.65921401978
1.99853491783
1.7988781929
1.87946391106
1.74057412148
1.58004713058
1.65213799477
1.90318393707
1.68783688545
1.8377661705
1.94788599014
1.95224308968
1.54886698723
1.74409508705
1.90473008156
1.93477010727
2.04793095589
1.69541788101
1.86443114281
1.81971096992
1.81444501877
1.73116207123
1.73402285576
1.52817893028
1.633893013
1.70814394951
1.72980713844
2.24453210831
1.98753714561
1.84906411171
1.79809999466
1.67869019508
1.68047404289
1.86579489708
1.60469388962
1.77560305595
1.6762881279
1.61757111549
1.65787911415
1.62828612328
1.9648411274
1.66396903992
2.01005101204
1.81306600571
2.01661992073
1.68861579895
1.72776794434
1.65617489815
1.98470211029
1.67477297783
1.85722398758
1.72174715996
1.92370486259
1.80616593361
1.86314797401
1.91921496391
1.70918798447
1.55586504936
1.8711810112
1.84470105171
1.67816495895
1.63026189804
1.75350618362
1.87842106819
1.72906708717
1.73075890541
1.78175091743
1.81683397293
1.64464497566
1.69857692719
1.82614803314
1.597260952
1.84888291359
1.60163211823
2.20810008049
1.91926312447
1.5515601635
1.52303409576
1.57762694359
1.83708691597
1.85170006752
1.66369199753
1.9292550087
1.59612393379
1.52978396416
1.75452804565
2.05073189735
1.86692881584
2.00920987129
1.47327113152
1.56864190102
1.91410088539
1.60236597061
1.50952792168
1.95851612091
1.76869297028
1.69052505493
1.63391208649
2.03287887573
1.65429282188
1.59974002838
1.77357697487
1.70753693581
1.8286960125
1.86771583557
1.67427015305
1.76869893074
1.64186096191
1.64038991928
2.00694108009
1.89679884911
1.48088502884
1.59012389183
1.65071201324
1.83791589737
1.8642001152
2.12248396873
1.74980807304
1.74062299728
1.76975083351
1.74245285988
1.84911084175
1.65455794334
1.67934703827
1.91494894028
1.99017810822
1.56639194489
1.94066882133
1.52770495415
1.60587286949
1.4607770443
1.96944713593
1.67066597939
1.43265104294
1.69378590584
1.90089797974
1.84296607971
1.90912699699
1.85284996033
1.7398982048
1.83961391449
1.67317295074
2.0799407959
1.79299497604
1.65086007118
1.86888718605
1.77617883682
1.6865708828
1.71066999435
1.77059483528
1.66477513313
1.72192001343
2.09245204926
1.80436205864
1.64650917053
1.8937690258
1.98350191116
1.79523205757
2.03305101395
1.6505959034
1.76606011391
1.96239495277
1.73222303391
1.69060897827
1.67981600761
1.6573009491
1.7526819706
1.5710837841
1.89730405807
1.77835702896
1.59249210358
1.88952088356
1.95929408073
1.84773588181
1.77640199661
2.11865401268
1.77769517899
1.90647983551
1.64184403419
2.08747601509
1.99112701416
1.67013287544
1.71657991409
2.04373693466
1.78498315811
1.73192191124
1.97482800484
1.66102695465
1.6817548275
1.77496099472
1.68013596535
1.66103792191
1.53342103958
1.84441494942
1.62321901321
2.03554201126
1.69882106781
1.91560316086
1.62843704224
1.90165400505
1.54954910278
1.40504598618
1.72529911995
1.67989802361
1.56990909576
1.58766198158
1.93328690529
1.94700694084
1.85741686821
1.59517598152
1.97539901733
1.69331288338
1.62697482109
1.59816193581
1.65733218193
1.5368142128
1.50958108902
1.80862402916
1.82474112511
1.88793492317
1.68184089661
1.60562801361
1.5580098629
1.72864198685
1.73288106918
1.66453909874
1.8816678524
1.81292891502
1.85370802879
1.82295608521
1.65616512299
1.85828304291
2.05501794815
1.80079889297
1.72605895996
1.68832802773
1.56545686722
1.4736969471
1.59143400192
1.70251107216
1.83986783028
1.59978699684
1.90059900284
1.75413107872
1.84999608994
2.15782594681
1.86898899078
1.69224309921
1.77132081985
1.58946108818
1.67602682114
1.68293213844
1.79105114937
1.73387289047
1.77232384682
1.71484899521
1.95151805878
1.95728707314
1.60564899445
1.54078507423
1.5735039711
1.94383502007
1.95852804184
1.94666910172
1.90141701698
1.79701805115
1.85864281654
1.82656693459
1.84112405777
1.70698904991
1.79448485374
1.76767492294
1.5670068264
1.64893102646
1.94880199432
1.80436205864
1.50758600235
1.84767699242
1.52265405655
1.46447610855
1.84395194054
1.62339997292
1.97871804237
1.61204004288
1.73643708229
1.83019995689
1.61089491844
1.8562848568
1.95703411102
1.66873598099
1.88635087013
1.98776984215
1.85454201698
1.65515494347
1.76207900047
1.59677004814
1.8755209446
1.90234994888
1.6859228611
1.72709798813
1.67360782623
1.58893418312
1.88268589973
1.69199299812
1.59991693497
1.70955395699
1.77210497856
1.54192304611
2.00275683403
1.78806400299
1.76821494102
1.64244413376
1.7812769413
1.76363682747
1.96992707253
1.90570902824
1.92060208321
1.78766202927
1.66238093376
1.59445381165
1.66934514046
2.04134297371
1.84069108963
1.62847185135
1.78653478622
1.81615781784
1.80403399467
1.70357108116
1.73997211456
1.99132704735
1.76878190041
1.75546908379
1.58166384697
1.61021900177
1.92067098618
1.62834811211
1.59958600998
1.87835502625
1.86775922775
1.62922406197
1.95778799057
1.85102009773
1.6927280426
1.63634419441
2.06406092644
1.65491700172
1.74093389511
1.80715823174
2.06420707703
1.80779600143
1.79022693634
1.74248695374
1.89930200577
1.70755386353
1.65739989281
1.55797481537
1.57906222343
1.95927500725
1.76513791084
1.63123703003
1.41856193542
2.00472998619
1.7585940361
1.74256896973
1.74146199226
1.85210299492
1.72585201263
1.87814998627
1.87019014359
1.7918407917
1.91212105751
1.51462602615
2.16007995605
1.53911495209
1.86190485954
1.75674819946
2.20799612999
1.69034981728
1.67598986626
1.83312678337
1.88993000984
1.9961669445
1.97455191612
1.51129198074
1.93609905243
1.64909601212
1.62606406212
1.69356417656
1.7896900177
1.61405515671
1.63201594353
1.64059686661
1.6088078022
1.83340287209
1.48972606659
1.82954883575
1.87124013901
1.95885896683
1.95287704468
1.66119599342
1.67519211769
1.53498291969
2.12107491493
1.77312302589
1.77280712128
1.75378203392
1.66425013542
1.62191820145
1.62526988983
1.65257692337
1.71273398399
1.48997592926
1.67626810074
1.83600306511
1.98034596443
1.81183600426
1.96669697762
1.80411195755
1.87377095222
1.94194602966
1.73144316673
1.60010504723
1.8115439415
1.90106201172
1.69441604614
1.81702589989
2.06320691109
1.69467401505
1.76030278206
1.64891386032
1.8433599472
1.76707816124
2.11048603058
1.75011587143
1.98296713829
1.58232593536
1.95014286041
2.10021305084
1.92163681984
1.82766318321
1.7105550766
1.81544113159
1.57560992241
1.77766299248
1.51508116722
1.90738320351
1.59754395485
1.96781396866
1.75102806091
1.86340498924
1.5799369812
1.71729207039
1.7213139534
1.8566839695
1.68667006493
1.71802902222
2.05296015739
1.73618197441
1.79015016556
1.92530703545
1.81041908264
1.7541680336
1.77290201187
1.74688410759
1.6483130455
1.80822110176
2.10655903816
2.02748680115
2.0326769352
1.93301701546
1.82214713097
1.88229894638
1.56286406517
1.81623411179
1.98247599602
1.46117782593
1.93042397499
1.97335100174
1.82666611671
1.80661797523
1.85238599777
1.8525390625
2.03494095802
1.55274200439
1.78053998947
1.77970123291
1.9046831131
1.74534702301
1.75888895988
1.85751581192
1.63758111
1.89626002312
1.89209604263
1.85341191292
1.89435195923
1.81457495689
2.04378604889
1.67720079422
1.70211005211
1.84220695496
2.21570706367
1.61146807671
1.7324090004
1.4932820797
1.82388496399
1.68851900101
1.74039793015
2.14225101471
1.85188102722
1.55404686928
1.93057489395
1.84816598892
1.83994293213
1.63230204582
1.83908486366
2.05178117752
1.78025507927
1.71227812767
1.5947201252
1.67842006683
1.74826097488
1.78069591522
1.82833218575
1.69499516487
1.70336318016
1.69605779648
1.77210593224
1.82080888748
1.63425803185
1.68732404709
1.83761096001
1.74843716621
1.91869616508
1.79340386391
1.78373384476
1.66343688965
1.81808590889
1.73689389229
1.79420781136
1.90337491035
1.64693808556
2.11500811577
1.74173212051
1.91167712212
1.7306740284
1.52010416985
1.81443285942
1.74303102493
1.68817305565
1.65845179558
1.87252306938
1.87330389023
1.64191102982
1.99368190765
2.12147402763
1.57904410362
1.82675290108
1.85242295265
1.77562785149
1.96150803566
2.05910491943
1.95774388313
1.66058802605
1.84058594704
1.7962269783
1.62620592117
1.60309410095
1.97579598427
1.96930599213
1.9227399826
1.96130394936
1.79026889801
1.83835887909
1.52845811844
1.84211397171
2.21159315109
1.85883188248
1.84941005707
1.77755904198
1.82594490051
1.69214296341
1.65920686722
1.80101585388
1.99808192253
2.11558914185
1.85050797462
2.08086180687
1.71069192886
1.89156007767
1.9710521698
1.82570886612
2.3134469986
1.80241298676
2.20870018005
1.7408618927
1.82434988022
1.94614005089
2.21750283241
1.74357485771
2.27815890312
2.40706396103
2.24911904335
1.86518907547
1.833288908
2.39498019218
2.16048502922
1.95259189606
1.89716100693
1.83705615997
1.73864984512
2.14114689827
1.90669894218
2.27820301056
2.05447602272
2.73216700554
1.82481193542
2.87423610687
2.47146582603
2.35662603378
1.9438328743
1.65874004364
1.80477595329
1.75229310989
1.56619715691
1.70379018784
2.06220293045
2.19118499756
1.77049589157
1.76452302933
1.74517703056
1.86386585236
1.53501105309
1.55907082558
1.83573889732
1.78193306923
2.32063603401
2.57462215424
2.38887119293
2.29159712791
2.2847340107
2.11882901192
1.7016108036
2.1453769207
1.9411380291
1.77925515175
1.82945489883
1.89865684509
1.63382601738
2.3990881443
1.82826805115
1.87576603889
1.87713003159
2.22369098663
2.11384987831
1.58440899849
1.85530090332
1.8506128788
2.20591592789
1.84378600121
2.24372577667
2.90256500244
1.87761211395
2.13806509972
2.18362879753
2.17913293839
1.89807701111
1.79682707787
2.40757608414
2.02782201767
1.86756205559
2.23711490631
2.25883603096
1.84900212288
2.37260603905
2.17360496521
1.77720808983
1.83141899109
1.80165791512
1.70683312416
1.94158506393
2.02162909508
1.99608302116
2.04662513733
1.87769508362
1.69966197014
1.76181602478
2.01001000404
1.5622048378
2.03957295418
1.85112309456
1.98558807373
2.53731489182
2.22968292236
2.21648001671
1.66979813576
1.99777889252
2.1266720295
1.70823001862
1.8712348938
2.15530610085
2.35649704933
1.76339387894
1.70213007927
1.86969995499
1.64045500755
1.79011893272
1.62184691429
2.01045203209
1.95326304436
1.81129193306
1.75370287895
1.72259116173
1.76284193993
2.20404601097
1.49338793755
1.63749194145
1.77599096298
2.22055697441
1.84709715843
1.98539090157
3.38679003716
3.48837995529
1.874106884
1.77909183502
1.58823609352
2.21108698845
1.73476886749
1.61754989624
2.07986807823
1.88858294487
1.69533610344
1.71685314178
1.80762219429
1.65135717392
1.53204703331
1.99602890015
1.90080618858
1.82258701324
1.8729531765
1.79395198822
2.11677598953
1.66729593277
1.69415998459
1.58127808571
1.86241602898
1.96794891357
1.86041116714
1.58300590515
1.75723195076
1.86656689644
1.56032705307
1.85276508331
1.98726892471
1.95983099937
1.61332798004
1.9741590023
1.68035793304
1.4920630455
2.00834512711
1.63881802559
1.79076099396
1.53578186035
1.3812789917
1.75569701195
1.65530610085
1.59275698662
1.79904985428
1.49628996849
1.65718388557
1.74099802971
1.83609509468
1.73009705544
1.66376805305
1.73260998726
1.56471896172
1.71079397202
1.93319296837
1.7653169632
1.87135601044
1.80809497833
1.80736303329
1.76400995255
1.62830400467
1.54422807693
1.67325091362
1.75009512901
1.81756496429
1.79790496826
1.65179896355
1.67502999306
1.85138320923
1.67905688286
1.83469390869
1.92868900299
1.79593491554
2.24326086044
1.66976213455
1.50367808342
1.72582483292
2.13114690781
1.78379106522
1.86079788208
1.57316493988
1.61195206642
1.68703103065
1.62768697739
1.70748806
1.91905617714
1.81547617912
1.73215603828
1.91684103012
2.16238379478
1.60410499573
1.73976206779
1.88882017136
1.7332110405
1.67291593552
2.02836203575
1.6237719059
1.49358701706
1.88067698479
1.57564282417
1.78953003883
1.81281614304
1.65977501869
1.9668648243
1.82466983795
1.82620501518
2.14295101166
1.69510602951
1.58430695534
1.98680186272
1.65586996078
1.82705903053
1.70056700706
1.97497105598
1.80733704567
1.89848184586
1.89665389061
1.80214691162
1.74423789978
2.00800395012
1.77141594887
1.71056103706
1.98840808868
1.54750609398
1.95781898499
1.58858513832
1.79701495171
1.82873106003
1.87985420227
1.90177106857
1.72118806839
1.5141658783
1.57060694695
1.69083809853
1.91925692558
1.92067790031
1.76888203621
1.64995002747
1.71457290649
1.74302816391
1.55863809586
1.81772994995
1.73412394524
2.0536711216
1.87339711189
1.90623784065
1.60716199875
1.66925096512
1.8050839901
1.81896400452
2.03890514374
1.77084088326
1.72521090508
1.78476715088
1.94427800179
1.9419169426
1.64913702011
1.73782396317
1.54845714569
1.9663271904
1.76989984512
1.75440406799
1.56284403801
1.45337486267
1.93975901604
1.95149588585
1.87927103043
1.84979701042
1.68878293037
1.80460000038
1.89605593681
1.83274316788
1.65176081657
1.82469391823
1.49308300018
1.60285496712
1.50861382484
1.80711197853
1.97152590752
1.84043192863
1.82580900192
1.49355006218
2.03385901451
1.64597988129
1.7691719532
1.69175696373
1.57449913025
1.68809199333
1.68665194511
1.91273188591
2.00040316582
1.68388390541
1.65632796288
1.8265349865
1.99062299728
1.90561795235
1.73009586334
1.71317887306
1.97643208504
1.80541205406
1.9067029953
1.92163205147
1.54282784462
1.73464798927
1.74092698097
1.91200995445
1.73482394218
1.8497672081
1.80010104179
1.88433694839
1.7245349884
1.85926818848
1.46970081329
1.75575113297
1.73925995827
1.78723502159
1.72843503952
1.79791402817
1.72061610222
1.59536600113
1.66498088837
1.7411839962
1.93249511719
1.92208814621
1.74902582169
1.82118988037
1.83378505707
1.83683109283
2.08263301849
1.81648993492
1.78036999702
1.70093202591
1.69457292557
1.78795313835
1.99144887924
1.68475484848
1.70257210732
1.75075697899
1.53692698479
1.60256505013
1.41739988327
1.84247517586
1.44513893127
1.78947091103
1.81365704536
1.68785691261
1.94807314873
1.81254577637
1.69416308403
1.52870607376
1.65143203735
1.9436211586
1.59715104103
1.84120798111
1.85311603546
1.56842899323
1.86987018585
1.89167284966
1.74563002586
1.66939091682
1.66498494148
1.89785885811
1.79267787933
1.73397898674
2.00201702118
1.67923498154
1.69120502472
1.85087895393
1.73109292984
1.47529506683
2.10312485695
1.5941491127
1.73573112488
1.58755803108
1.88618993759
1.61565113068
1.81815600395
1.91311812401
2.03624677658
1.71160387993
1.92223191261
1.61929392815
1.98753714561
1.70550298691
2.13179397583
2.00207805634
1.59610009193
1.66745710373
1.8367369175
1.89883899689
1.62654399872
1.61586904526
1.93522191048
1.47966790199
1.76908493042
1.83972883224
1.68886709213
1.89407491684
1.58484101295
1.58776783943
1.99596214294
1.59934687614
1.66236495972
1.89087915421
2.0120139122
1.68373513222
1.70758795738
1.73435807228
1.66663408279
1.81867098808
1.67245602608
2.0752248764
1.89533686638
2.10593104362
2.09649682045
1.67746496201
1.78318691254
2.04845690727
1.7332880497
1.80651307106
1.547123909
1.81516695023
1.72051382065
1.83629488945
1.93458199501
1.62070679665
1.5815179348
1.88222312927
1.7072019577
2.08964586258
1.67733407021
1.53933906555
1.7545170784
1.74218416214
1.78978919983
1.6968460083
1.64688777924
1.70531010628
1.68496990204
1.78668880463
1.97305297852
1.74575996399
1.59502887726
1.61924290657
1.58928608894
1.636469841
1.81471085548
1.80212807655
1.82022380829
1.44121003151
1.77162003517
1.6806871891
1.70492601395
1.75498700142
1.61896300316
1.76081395149
1.8685259819
1.72848200798
1.74968600273
1.81204485893
1.70763993263
2.07271194458
1.661454916
1.73324298859
1.63482499123
1.79215288162
1.93592596054
1.78048014641
1.7837741375
2.02724790573
1.52149391174
1.70070791245
1.78667211533
1.65910410881
1.811866045
1.741147995
1.75916004181
1.90222382545
1.60838508606
2.00236296654
1.64919805527
1.97656011581
1.6847410202
1.8251991272
2.05820202827
1.60125613213
1.68243598938
1.74314904213
1.89283299446
1.60801315308
1.81093478203
1.63053584099
1.78058099747
1.88642883301
1.75750494003
2.01617503166
1.83757805824
1.73986291885
1.88180589676
1.81122899055
1.71208810806
1.74905490875
1.8663649559
1.92782902718
2.02068281174
1.69893193245
1.7307741642
1.97648000717
1.63279891014
1.92768907547
1.84864902496
1.74477410316
1.74444484711
1.71339988708
1.70226311684
1.75024700165
1.83183407784
1.66992497444
1.80879998207
1.77009510994
2.04377603531
1.86717915535
1.97387814522
1.65393304825
1.58584499359
1.87074398994
1.80771279335
1.57707595825
1.66189193726
1.88298082352
1.79858088493
1.53938889503
1.64995384216
1.89772701263
1.73919701576
1.98465394974
1.83374786377
2.05731987953
1.86378908157
1.59974598885
1.67125797272
1.58626103401
1.79938101768
1.98869395256
1.81041193008
1.56403708458
1.68905901909
1.78144097328
1.71966600418
2.00652003288
1.60321211815
1.91980195045
1.98986196518
1.45411396027
1.6937520504
1.78685212135
1.99940705299
1.71411895752
1.99655413628
1.74434494972
1.87999987602
2.01415300369
1.68914318085
1.64211893082
1.84066390991
1.84057211876
1.68021893501
1.58403205872
1.84488010406
1.745002985
1.62490415573
1.88599801064
1.84369587898
2.0606751442
1.92490696907
1.86677002907
1.43723297119
1.75443196297
1.82798504829
2.02918791771
1.66736102104
1.70942282677
1.47056317329
1.5550661087
1.66724801064
1.74019908905
1.49071979523
1.95632100105
1.98561096191
1.71101117134
1.6599650383
1.39700889587
1.83230018616
1.8347260952
1.67861890793
1.8537800312
1.92162394524
1.66723895073
1.68156480789
1.47113513947
1.72384810448
1.8431558609
1.96173596382
1.79494309425
2.03185415268
1.86188411713
1.86793994904
1.79632520676
1.76803183556
1.7749209404
1.92553710938
1.92884206772
1.80161881447
1.79000496864
1.83924508095
1.7562520504
1.831594944
1.86306500435
1.63209486008
1.60899090767
1.71473693848
1.93924188614
1.79236316681
1.98695993423
1.63740491867
1.58783507347
1.86100482941
2.10431790352
1.78540992737
1.74803900719
1.82658600807
1.63237500191
1.85258412361
1.55696105957
1.47954392433
1.83924102783
1.78844308853
2.01947999001
1.95653891563
1.7670109272
1.63105392456
1.78625106812
1.60530591011
1.83056998253
1.59718799591
1.91807699203
1.60176181793
1.82261681557
1.74607014656
1.78123879433
2.06647491455
1.65005087852
1.94015979767
2.12134313583
1.66432189941
1.96332406998
1.9040119648
1.88180422783
1.87034392357
1.88983201981
1.7515308857
1.72858595848
1.73103284836
1.75657892227
1.64419102669
1.66900515556
1.59023284912
1.82308101654
1.59990310669
1.71218895912
1.74567198753
1.85776901245
1.82650780678
1.60207486153
2.01357483864
1.61859107018
1.81265687943
1.95914006233
1.70484089851
1.83766889572
2.00724506378
1.61386585236
1.72493886948
1.56730985641
1.89953994751
1.89015102386
1.5724401474
1.84173798561
2.39264798164
1.85596990585
1.73456311226
1.62038612366
1.6809399128
1.74009013176
1.69567012787
1.86892795563
1.67076015472
2.07960605621
1.56766891479
1.94728088379
1.65717792511
1.94551992416
1.74037599564
2.03796195984
1.76297593117
1.85240006447
1.43863487244
1.91036605835
1.44152593613
1.65194797516
1.89043998718
1.54694700241
1.73735904694
1.57961201668
2.10166692734
1.81800603867
1.58427214622
1.83045196533
1.68279004097
1.78470301628
1.87221002579
1.62543678284
2.10168385506
1.69110488892
1.81265091896
1.74741387367
1.81333804131
1.88339400291
1.71005702019
1.65743994713
2.04446601868
1.74817109108
1.87748098373
1.53003692627
2.03168201447
1.72206306458
1.67065882683
1.61918592453
1.55543994904
2.01343297958
1.70502400398
1.91829705238
1.5951359272
1.55923700333
1.65184903145
2.10038113594
1.65434288979
1.85479784012
1.90027880669
1.6760931015
1.60302710533
1.91608500481
1.86663007736
1.72350907326
1.7573890686
1.55640387535
1.86687684059
1.65831804276
1.95529103279
1.67390608788
1.74042892456
1.79776501656
1.79472088814
2.06639194489
1.77386713028
1.5536839962
1.63952302933
1.81192302704
1.43943309784
1.99174308777
1.64055395126
1.70423698425
1.52956295013
1.87946200371
1.89568805695
1.68154001236
1.73639297485
1.5421538353
1.76043701172
1.96431612968
1.52919697762
1.75090789795
1.82587099075
1.57347583771
1.67622590065
1.71156597137
1.79914689064
1.52517580986
1.7665810585
1.67614507675
1.7386469841
1.64342784882
2.02510094643
1.72338986397
1.90070915222
1.89920186996
1.68212294579
1.81490302086
1.91351795197
1.82960009575
1.90109205246
1.68351602554
1.65485692024
1.91594696045
1.98544311523
1.92475914955
1.66583490372
1.72672700882
1.79904294014
1.94525504112
1.61827301979
1.91425299644
1.71201395988
1.86967897415
1.99522805214
1.60536193848
1.62420487404
1.81615400314
1.81259202957
1.85552692413
1.85373091698
1.67787408829
1.74358391762
1.53075909615
1.90683817863
1.93322896957
1.81547904015
1.68372011185
1.8290309906
1.63554406166
1.63901901245
1.96052885056
1.73668408394
1.91954922676
1.65081906319
1.65925097466
1.8551440239
1.63039898872
1.77445888519
2.03078317642
1.86082220078
1.51652598381
1.53066492081
1.53071713448
1.86189413071
1.54722714424
1.64724493027
1.70240187645
1.79482197762
1.69785499573
1.80033588409
1.98290205002
1.64706492424
1.75753283501
1.72833418846
1.85199403763
1.82605695724
1.70409798622
1.87085390091
1.5725569725
1.74722695351
1.8069999218
1.67699503899
1.54486608505
1.55948710442
1.57156395912
2.05016708374
1.70142388344
1.62006783485
1.63224387169
1.96806907654
1.60025286674
1.61338400841
1.48313999176
1.63228702545
1.56701803207
1.70719408989
1.74657607079
1.85737419128
1.66447591782
1.79991197586
1.81084799767
1.7777531147
1.49602890015
1.6323621273
1.96317505836
1.70544910431
1.71540284157
1.85447788239
1.8062980175
1.88179683685
1.86491584778
1.97843194008
1.8259601593
1.65762209892
1.88529992104
1.92478179932
1.77304005623
1.88321709633
1.67199778557
2.11138176918
1.64018392563
1.58404707909
1.63827395439
1.82791686058
2.04718780518
1.68807005882
1.79025292397
1.91316914558
1.68941187859
1.89702892303
1.66483807564
1.91641712189
1.76671695709
1.87128996849
1.78435707092
1.75484895706
1.60390019417
1.69022488594
1.65551590919
2.07598280907
1.50231289864
1.92975592613
1.73366689682
1.60710406303
1.96956300735
1.90780305862
1.98605108261
1.87851285934
1.91323685646
1.59239006042
1.9871070385
1.72122001648
1.49520802498
1.59567093849
1.82229614258
1.77185297012
1.50469779968
1.71546912193
1.63093280792
1.6606991291
1.69731593132
1.89104795456
1.68365001678
1.69046783447
1.63116717339
1.84137701988
1.6464381218
1.64127016068
1.87238407135
1.7591919899
1.66364192963
1.65758490562
1.63264417648
2.02846980095
1.51971101761
1.85690188408
1.59492516518
1.50682401657
1.86952185631
1.78204607964
1.99357414246
1.95128703117
1.65986204147
1.55907702446
1.81288099289
1.82215499878
1.77813100815
1.89238810539
1.88771605492
1.83470106125
1.98316907883
1.81059002876
1.99291396141
1.63710403442
1.57053303719
1.82683205605
1.68625378609
1.74997997284
1.85303616524
1.7014901638
1.79681515694
1.84936118126
1.61173892021
1.4815299511
1.93938016891
1.62358283997
1.81162500381
1.60061693192
2.05685687065
1.69130301476
1.757833004
1.60236120224
1.94977903366
1.76603603363
1.77084803581
1.69805383682
1.59412097931
1.6723511219
1.94633388519
1.85151481628
1.68600606918
1.69046592712
1.64749622345
1.58225989342
1.89892911911
1.73625397682
1.91159796715
1.64372801781
1.60140991211
1.7251560688
1.66344189644
1.70305800438
1.54893612862
2.11615991592
1.77584004402
1.96103787422
1.7789080143
1.97397613525
1.86743307114
1.80967187881
1.78876209259
1.68265008926
1.73052501678
1.96167302132
1.77183294296
1.88653087616
1.77136301994
1.86195206642
1.63334798813
1.70684790611
1.71113204956
1.68175411224
1.6346218586
1.93843507767
1.80067396164
1.69485211372
1.67770004272
1.56126594543
1.73841285706
1.85962200165
1.68584513664
1.8142118454
1.55179595947
1.67304110527
1.79983496666
1.7135579586
1.8836979866
1.89015889168
1.67528581619
1.56355500221
1.68380904198
1.78993701935
1.79640197754
1.89653515816
1.52232694626
1.68892812729
2.04495716095
1.63152098656
1.87901091576
1.5669760704
1.71475291252
1.88015699387
1.8908700943
2.10418200493
1.62531280518
1.92621088028
1.8100810051
1.81869697571
1.85872507095
1.72843790054
1.97195386887
1.852394104
1.962444067
2.1163380146
1.81962800026
1.77353596687
1.90246486664
1.92501282692
1.75527310371
1.69575810432
1.57357096672
1.79615116119
2.0029759407
1.65225505829
2.0413479805
1.98115301132
1.77413105965
1.90910410881
1.5692551136
1.80311107635
1.66652083397
1.86371994019
1.83676099777
1.89421677589
1.81406497955
1.64924693108
1.89151000977
1.72403001785
1.74916696548
1.91089987755
1.85044288635
1.82084083557
1.5434858799
1.64567494392
2.04743909836
1.94933390617
1.86040592194
1.52802991867
1.93231105804
1.71605014801
1.85555410385
2.27192091942
1.85751008987
1.89295196533
1.79404401779
2.1166779995
2.00805306435
2.04861998558
2.26923799515
2.13893508911
1.80323195457
1.9907541275
1.77251577377
1.74777817726
1.62353610992
1.91805005074
2.05157899857
2.06648397446
1.66846704483
1.63950610161
1.64673686028
1.84418201447
2.12280893326
1.95263695717
2.11729097366
2.2680990696
2.07728886604
1.74345803261
1.9456038475
1.8738861084
1.92335391045
1.56618785858
1.78248500824
1.6346142292
1.75164985657
1.66810297966
2.13672590256
1.98779392242
1.83532810211
1.94230604172
1.66742706299
2.05864691734
1.72635293007
1.42805099487
1.550385952
1.71249198914
1.96695709229
1.678647995
1.69807100296
1.68811416626
1.95083403587
1.77164912224
1.97808599472
1.62851214409
1.98150587082
1.87487196922
1.84326004982
1.7849509716
1.71304297447
1.64088797569
1.81594586372
1.7493481636
1.75991487503
2.00863599777
1.81979799271
1.80773711205
1.81341481209
1.91718888283
1.99941515923
1.61102294922
1.67314004898
1.69643998146
2.03931903839
1.69746685028
2.12519907951
2.16852211952
2.09754395485
2.18945217133
1.94435191154
1.93486404419
1.93323206902
1.71584701538
2.32735300064
2.1267478466
1.98960208893
1.62256193161
1.78079414368
1.95120596886
1.92525100708
1.92198514938
1.863904953
1.74963307381
1.50971007347
1.72357797623
2.04655194283
2.08564114571
1.70926785469
1.6509680748
1.78758478165
2.09849882126
1.8460381031
2.01543784142
1.65627288818
1.95513701439
2.03748083115
2.06084895134
1.69475603104
1.58610320091
1.98522901535
1.73006796837
1.754570961
1.63224697113
1.95703196526
1.8529651165
1.75176501274
1.88915109634
1.81676602364
1.5835108757
1.91268992424
2.1113140583
1.68880701065
1.79463005066
1.73233008385
1.87061905861
2.02211809158
1.87191510201
1.72230100632
1.77419114113
1.87514615059
2.12570786476
1.63456702232
1.86490702629
1.94651794434
1.52898001671
1.96106600761
2.30815815926
1.96690702438
1.62719011307
1.68133211136
1.65705513954
1.93736815453
1.82205486298
1.64506816864
1.85107707977
1.79014110565
1.96581506729
1.89591503143
1.86943078041
2.14893603325
2.21754217148
1.73340010643
1.60701394081
2.14547801018
1.8272550106
1.62475085258
1.87405610085
1.93819999695
1.92532610893
2.03536295891
1.99276304245
1.67438101768
1.98175811768
1.92915797234
1.90462899208
1.78469085693
1.94219899178
2.06737303734
1.84646105766
2.12306499481
1.69744610786
1.90648722649
2.05493807793
1.94712996483
1.82440114021
1.75993800163
1.77459478378
1.75406193733
1.66899991035
1.65763998032
1.87293696404
1.78021597862
1.87543797493
1.80000901222
2.06091594696
1.94048213959
2.05954790115
1.81513595581
1.74520611763
1.68881988525
1.71009397507
1.75443696976
2.04210710526
1.82731699944
1.87822699547
1.93697094917
1.74529099464
1.85149908066
1.62288999557
1.75623989105
2.04583501816
1.96081614494
2.07848095894
1.8954410553
1.58837103844
1.81517291069
1.81200909615
1.87767696381
1.80185008049
1.68383002281
1.58513498306
1.80093097687
1.86498808861
1.84741401672
1.54889392853
1.51561594009
1.69616889954
1.87924408913
1.78216099739
1.72959899902
1.66153597832
1.81523394585
1.78111100197
1.50973510742
1.61311817169
1.56045508385
1.75071787834
2.10457205772
1.85627102852
1.89311909676
1.90922379494
1.98933601379
2.11756110191
2.14402604103
1.89764904976
2.0000910759
2.03242301941
1.6841750145
1.87927794456
2.04203391075
2.21333003044
1.96173501015
2.0117149353
1.87136983871
1.92760491371
1.9654250145
1.80762195587
1.600689888
1.91270899773
1.62685108185
1.91110897064
1.652821064
2.14271116257
1.82621192932
1.58682918549
1.76901721954
1.67339301109
2.02227783203
2.04300999641
1.48285794258
1.62771201134
1.75444221497
1.6403131485
1.82699584961
1.74870586395
1.91721606255
1.73697710037
1.96738004684
1.90700697899
1.90583705902
1.66929888725
2.00579714775
2.01601910591
2.03289318085
2.07749700546
1.47301197052
1.58514595032
2.0934240818
1.78409004211
1.74348902702
1.81277108192
1.69895482063
1.99398899078
2.01395010948
1.70881605148
1.60030007362
1.86320018768
1.88186597824
1.76276898384
1.97678089142
1.73905706406
1.86045312881
1.834815979
1.78655314445
1.79464697838
1.68104910851
1.76719284058
1.72400593758
1.67038202286
1.73704791069
1.6705019474
1.69297504425
1.80833983421
1.75674510002
1.64579415321
1.80061984062
2.13024902344
1.5386929512
1.66169095039
1.74118089676
1.79425096512
1.97961091995
1.82907581329
1.89660382271
2.05135893822
1.57778191566
1.87061405182
1.96129798889
1.80976295471
1.91822910309
1.91566801071
1.92962908745
1.81867909431
1.7330520153
1.74655604362
1.80094981194
1.74112081528
1.85952496529
1.66792798042
1.83715295792
1.78736400604
1.74317097664
2.00132489204
1.75031208992
1.96198391914
1.70448303223
1.91118597984
2.00214409828
2.02579712868
1.79002308846
1.80938911438
1.89818191528
1.69538998604
1.58856296539
1.78240704536
1.83209300041
1.95438599586
1.7966940403
1.89579486847
1.66186714172
1.7771987915
1.94638204575
1.82402205467
2.20651388168
2.01344680786
1.88515996933
2.03215909004
1.89806485176
1.8163869381
2.13989210129
1.93573093414
1.9597120285
2.01149606705
1.63625812531
1.83680891991
1.68566203117
1.71792078018
1.76264405251
1.78548192978
1.75607585907
1.69688796997
1.93084692955
1.75051403046
1.785998106
1.80261206627
1.67163515091
1.62656903267
1.82692813873
1.84713482857
1.66274285316
1.81172204018
1.74860596657
1.77298998833
1.80374693871
1.94766306877
2.10384488106
1.99140191078
2.02479481697
1.6870238781
2.13905000687
1.59873604774
1.69392800331
1.72436785698
1.85393595695
1.88231897354
1.93948507309
1.97419905663
1.50994992256
1.64467000961
1.86382889748
1.68239116669
1.69070887566
1.80431890488
1.67040991783
1.50790905952
1.97619390488
1.85187697411
1.75896191597
1.57348299026
1.80532693863
1.75327301025
1.84346818924
1.58615708351
1.70550608635
1.91647410393
1.74956989288
1.61160182953
1.89374303818
1.8416287899
1.84630084038
1.90240311623
1.83582186699
1.96906304359
2.10154891014
2.02027201653
1.83087491989
1.67806696892
1.95387578011
1.6613008976
1.86949801445
1.9504609108
2.13914299011
1.70969510078
2.09543395042
1.7056479454
1.60132098198
2.18987512589
1.83831000328
1.82914280891
1.75675296783
1.79552316666
2.05279612541
2.08762001991
1.99227190018
1.74024605751
1.61944293976
2.00191497803
1.55181503296
1.71537208557
1.80803489685
1.84325909615
1.73040819168
1.73417305946
1.79424905777
1.81729507446
1.91158604622
1.67488694191
1.78579187393
1.747631073
1.94277501106
1.77478289604
1.51954984665
1.76919198036
1.81101298332
1.73178386688
1.88258481026
2.03809404373
1.71971511841
1.88814306259
1.55624318123
2.05427503586
1.64011406898
1.8736140728
1.66588902473
1.84209799767
1.85397791862
1.90551781654
1.55306410789
1.95296001434
2.01862406731
1.63896608353
1.94179797173
2.04629015923
1.91945409775
1.78710985184
1.91620206833
1.65124797821
1.68910503387
1.97139191628
1.98445487022
1.90552997589
1.92103004456
1.6771569252
1.72670006752
1.70862603188
1.60570406914
1.80917096138
1.83589816093
1.85824584961
1.94150686264
1.74787998199
1.95063686371
2.05940103531
1.72116804123
1.78047585487
1.84002900124
1.82629394531
1.79367518425
1.92768597603
1.52579712868
1.92586302757
1.83439707756
1.72453117371
1.91560196877
2.09606409073
1.89253997803
1.82567000389
1.75470995903
1.61875700951
1.80074501038
1.88125109673
1.72420907021
1.78285980225
1.75264501572
1.85718607903
1.82911610603
1.68550920486
1.89444804192
1.5584089756
1.71731996536
1.81312704086
1.84002804756
1.72924399376
1.82688117027
1.62665891647
1.58226299286
1.72175502777
1.99195384979
1.67692017555
1.7278149128
1.73676800728
1.8663649559
1.45450592041
1.82678794861
2.10544705391
2.13861584663
1.70422101021
1.68429708481
1.64775180817
1.68054199219
1.8664791584
1.57133603096
1.54775881767
1.83360815048
1.77462387085
1.88771295547
1.63256907463
2.06667995453
2.13978099823
1.7727599144
1.67742300034
1.98379421234
1.64292907715
1.5878469944
1.92476797104
1.80846095085
1.82261610031
1.76951313019
2.02775502205
2.15035796165
1.66449809074
2.35473299026
1.87384915352
1.77627110481
1.75802206993
1.70721912384
2.13872289658
1.82777810097
2.0478978157
1.67885994911
1.71547007561
1.82377195358
2.20133495331
2.03479194641
1.98361682892
1.67799806595
1.77838611603
2.01057600975
1.82816195488
1.615432024
1.55747509003
1.55303287506
1.74354076385
2.00356388092
1.68638896942
1.64541006088
2.00038599968
1.77864313126
1.76920819283
1.95374083519
1.83416891098
1.9361000061
1.7667901516
1.92834401131
2.05121183395
1.75477480888
1.78531813622
1.72289705276
1.77049803734
1.73619389534
1.89908504486
2.02928495407
1.91525697708
1.75089406967
1.59427285194
1.58699584007
1.67168188095
1.61141705513
1.69220495224
1.68785786629
1.88589906693
1.81264805794
1.99158000946
1.79293990135
1.95010900497
1.66775798798
1.70921301842
1.78110289574
1.7268640995
2.03487205505
1.6964738369
1.60820889473
1.63444685936
1.73818802834
1.63489890099
1.7317841053
2.16587591171
1.79223299026
1.94892096519
2.21391987801
1.99820995331
1.94941687584
1.68686008453
1.96169805527
1.79067897797
1.85473704338
1.86471796036
2.00001001358
1.82826900482
2.05174517632
1.78046488762
1.71339201927
1.6588511467
1.85781002045
2.0885720253
1.88710618019
1.99023985863
1.5943479538
2.07304096222
1.43864297867
1.77786493301
1.83993506432
1.66631913185
1.64337110519
2.08579707146
1.73084998131
2.03183794022
1.62386107445
1.75297307968
1.45175099373
1.64749598503
2.02450919151
1.93136501312
1.73846197128
1.88828682899
1.71760988235
1.76286888123
1.77813696861
1.84675908089
2.03951191902
1.88103604317
2.05280184746
1.85512399673
1.94513392448
1.90500211716
1.83305501938
2.0593380928
2.05446505547
1.68741488457
1.80246019363
1.90568995476
1.62223601341
1.62276005745
1.61897206306
1.84164905548
1.89002490044
1.83068990707
1.73406195641
2.02490401268
1.71689295769
2.09048080444
1.66894698143
1.66266417503
1.67817997932
1.66330194473
1.88548398018
1.64933085442
1.89780902863
2.02162289619
1.7827270031
1.81950902939
2.11516594887
1.82669496536
1.41786503792
1.61168694496
1.76025509834
1.67464804649
1.59167695045
1.754114151
1.85693693161
1.78441095352
1.78477215767
1.64613890648
1.78986692429
1.84457588196
2.21172714233
1.81645011902
1.95787000656
1.76187705994
2.034044981
1.90914702415
1.87653207779
1.62376189232
1.70907187462
1.61175584793
1.94561505318
1.91867494583
1.87039685249
1.81375098228
2.19509983063
2.11315917969
1.62996482849
1.83133101463
1.90735316277
1.90597105026
1.71288204193
1.86028194427
1.53831911087
1.58354091644
1.63179302216
1.62759304047
1.68523097038
1.76088094711
1.99657607079
1.7177541256
1.86004900932
1.90160512924
1.91406798363
2.02320814133
1.93471384048
2.06882691383
1.88094496727
1.96883201599
1.76074886322
1.68128490448
1.90380692482
1.76479792595
1.55841994286
1.8105700016
1.66875696182
1.72522211075
1.8394048214
1.80007314682
1.73944020271
1.84674406052
1.63754916191
1.80452895164
1.94246101379
1.80426502228
1.9128010273
2.03895401955
1.94145393372
1.73957681656
2.23709011078
1.88051700592
1.88946199417
1.80736398697
1.56535482407
1.98166584969
1.70373702049
1.77635884285
2.10522294044
1.81957912445
2.09478402138
1.6117348671
1.58870911598
2.09691500664
1.93584299088
1.90357112885
1.72695708275
1.66546416283
1.79941296577
1.56241893768
2.23449516296
1.97809100151
1.83309292793
1.98931193352
1.85158085823
1.65559911728
1.97836709023
2.0259001255
1.52605700493
2.03207111359
1.77365922928
1.6627600193
1.87344384193
1.58377504349
1.80971193314
1.8088991642
1.44375801086
1.9121530056
1.64635014534
1.91381692886
1.91029000282
1.78576397896
1.99641299248
1.84433293343
1.59676098824
1.6214799881
1.7095079422
1.92558193207
2.00819206238
2.35208487511
1.57633399963
1.5827498436
2.25798988342
1.79687285423
1.7788438797
1.84511518478
2.05342292786
2.09761190414
1.72298002243
1.79942798615
1.83808302879
1.77733516693
1.91132903099
1.67504787445
1.87507414818
2.1121609211
1.79427886009
1.77333402634
1.80095696449
1.82179403305
2.25196504593
1.69580602646
1.81250905991
1.91442704201
1.71845912933
2.03669595718
2.23215007782
1.62098884583
1.7919049263
1.81173610687
1.58125400543
1.73811101913
1.79180502892
1.62565302849
1.69281506538
2.10357689857
1.68046092987
1.91063117981
1.78763008118
1.67480897903
1.6046359539
1.71773099899
2.02671599388
1.73093795776
2.01858997345
1.98315596581
1.68150782585
2.21176195145
1.73355793953
1.6277551651
1.78565597534
2.06498622894
1.72730302811
2.03552985191
1.9119579792
1.95021700859
1.84981012344
1.77153491974
2.02796983719
1.66089200974
1.73183488846
1.60034608841
1.91520309448
1.64130997658
1.81379199028
1.8697719574
1.91143202782
1.8225748539
1.62252807617
1.75647091866
1.5004761219
1.72129106522
1.90874218941
2.05178189278
1.76905202866
1.90676188469
1.69701004028
1.7162771225
1.92413496971
1.76249504089
1.6673309803
1.4638979435
2.10491800308
2.00429606438
1.57420992851
1.66010689735
1.59479284286
1.90242600441
1.8580698967
1.8631939888
1.89497303963
1.78382706642
1.7653529644
1.75704503059
1.90258789062
1.94385194778
2.18592691422
1.85083603859
1.98702716827
1.71885490417
1.92023992538
2.22825098038
1.99324011803
2.08961415291
2.18246984482
1.72984695435
2.52249193192
1.73194098473
1.81012797356
1.72211289406
1.92779397964
1.88897705078
1.73228001595
2.03656005859
1.93954896927
1.61819386482
1.72402095795
1.65266704559
1.97129511833
1.92575311661
1.76189303398
1.8948969841
1.83754587173
1.78898596764
2.13833403587
1.52639389038
1.70998597145
1.7184150219
1.67223405838
1.774944067
1.7247710228
1.66834688187
1.91393899918
1.8061709404
1.81984400749
1.96061611176
1.9285941124
1.62245488167
1.7795419693
1.83246803284
2.05128502846
1.70394420624
2.00730919838
1.70012497902
2.03916311264
2.02077913284
1.80068802834
1.86383414268
1.97486209869
1.69206881523
1.82495713234
1.76330900192
1.94210600853
2.04684615135
1.59894299507
1.51310110092
1.88216090202
1.98668384552
1.5330889225
1.71704912186
1.74670600891
1.65634584427
1.65859484673
1.59894299507
1.82841181755
1.75263690948
1.90222811699
1.56404900551
1.75994896889
1.86572790146
1.8135869503
2.15198802948
1.96223497391
1.71736598015
1.82504606247
1.90854787827
1.85980296135
1.79334688187
1.68908905983
1.65723991394
1.95147681236
1.84331989288
1.95513296127
2.06257486343
1.95186901093
1.7262699604
1.84207892418
1.75635504723
1.88980197906
2.12930679321
1.58178114891
1.73952889442
1.75805687904
1.93186497688
1.74230194092
1.72775197029
1.94468617439
1.68440198898
1.77585911751
2.04341387749
1.74031496048
1.89653301239
1.79879403114
1.72856593132
2.03699398041
2.14062094688
2.21872782707
2.08004403114
2.15188193321
1.67426395416
1.64978814125
1.83530807495
1.81260895729
1.99625706673
2.00360798836
1.9684779644
1.72266221046
1.86338114738
1.76968979836
1.89391303062
1.79855108261
1.69811701775
1.96180486679
1.77048993111
1.7404859066
1.61589503288
1.68893694878
1.92077493668
1.56356787682
1.64795613289
1.68200182915
1.62895584106
2.1423330307
1.81022596359
2.17549586296
1.76185417175
1.9520149231
2.1092031002
1.84529900551
1.83303117752
2.05374908447
1.84719991684
1.71607899666
1.95448303223
2.12474608421
1.90966916084
1.76169395447
1.68375897408
1.61564707756
1.7773399353
1.86582684517
1.65806603432
1.91227602959
2.12952494621
2.06669402122
1.7380130291
2.02449584007
1.91123700142
1.9413318634
2.01715087891
1.61881995201
1.60782313347
1.90208101273
1.98700213432
2.11471796036
1.61033892632
1.75030708313
1.80867695808
1.61897993088
1.81772494316
1.66833090782
1.99384713173
1.74548316002
2.05901288986
1.78821110725
1.94966387749
1.82404208183
1.75487709045
1.7588429451
1.67824912071
1.83515405655
1.65041089058
1.64182806015
1.84732794762
1.78568005562
1.77515506744
1.59786510468
1.70888710022
1.84874916077
1.89230799675
1.92597389221
2.05179190636
1.55406594276
1.90905714035
1.75762081146
1.82096505165
1.75816392899
1.82375097275
1.78611302376
1.63817691803
1.97724699974
1.79331922531
1.86889505386
1.87886619568
2.09607410431
1.93252301216
1.77739596367
1.67388606071
1.67045712471
1.83105611801
1.99711298943
1.7549598217
2.01944708824
1.81301999092
1.83278203011
1.68727993965
1.78206706047
1.73279595375
1.89069199562
2.00843691826
1.7813141346
1.60868287086
2.09885191917
1.67259001732
2.12512612343
1.88205099106
1.7541000843
1.58949303627
1.8492231369
1.85880899429
1.69626092911
1.97251200676
1.72355914116
1.74348807335
2.00626206398
1.7299220562
2.08421492577
1.7122168541
1.90617394447
1.52532887459
2.04062604904
1.65008807182
1.99607491493
1.71206784248
1.68054008484
1.80758404732
1.72481822968
1.60050606728
1.74152898788
1.76019310951
1.71798706055
1.85976409912
1.78085494041
1.79057502747
1.80507493019
2.09411501884
2.03017497063
1.78444910049
1.54518699646
2.03312492371
1.71105408669
1.71769499779
1.79715299606
1.85773181915
1.70541405678
2.03881788254
1.88023996353
1.91558718681
1.77899193764
1.65110087395
1.71601986885
1.6900510788
1.93681097031
1.72267198563
1.91628599167
1.81122398376
1.74488711357
1.60987615585
1.64533400536
1.57542109489
1.69874310493
1.79630494118
1.59341907501
1.83424592018
1.70124983788
2.38109588623
1.73968696594
1.90422487259
1.67591881752
1.60822486877
2.12037396431
1.85666704178
1.76842904091
1.99074912071
2.09401988983
1.63578796387
1.72575807571
1.85961985588
1.67163181305
1.76867389679
1.66664791107
1.7719271183
1.83090090752
1.97613811493
1.86952400208
1.87034487724
1.85271692276
2.07426714897
2.24730801582
2.08949899673
1.91886115074
1.96710681915
1.65692090988
1.9451789856
1.87223601341
2.02770209312
2.00683903694
2.12243509293
1.89596486092
1.81276917458
1.63471984863
1.82584309578
1.4838309288
1.90007710457
1.8153219223
1.99969100952
1.81478190422
1.82501602173
1.8708589077
1.62189888954
1.55540204048
1.78552484512
1.556828022
1.64975118637
1.65101194382
1.78968501091
1.82768392563
2.06877493858
1.71445798874
1.74412703514
1.86379504204
1.95059895515
1.70846390724
1.74101781845
1.6606490612
1.81306195259
1.70659995079
1.89209485054
1.55699801445
1.73840689659
1.77885580063
2.12765812874
1.93962192535
1.75165009499
1.87057805061
1.69110798836
1.75545501709
1.83400583267
1.96707296371
1.6840569973
1.7272028923
1.79715514183
1.68801093102
1.75968503952
1.85780501366
1.67556095123
1.6767411232
1.75806212425
2.03348994255
1.74595999718
1.80061912537
1.80604887009
1.621737957
1.94380807877
1.66381192207
1.71750807762
1.45375013351
1.68158388138
1.84333705902
1.70085692406
2.11600017548
1.77069807053
1.73260092735
1.78493714333
1.61966085434
1.70337200165
1.78394508362
1.59589385986
2.00940585136
1.70346713066
1.8793759346
1.71464705467
1.62435102463
1.87746405602
1.72520303726
1.90763998032
1.85097813606
1.97095608711
1.5604660511
1.58768296242
1.6202788353
2.08704209328
1.86524796486
1.91840314865
1.56582093239
1.79001712799
1.8123061657
1.78784799576
1.73295593262
1.89500617981
1.93356704712
1.74017810822
1.89205503464
1.72329282761
2.01934599876
1.65807986259
1.64355993271
1.84204506874
1.93308806419
2.06079506874
1.67897701263
1.99695301056
1.95761489868
1.70860910416
1.82684707642
1.75967812538
1.66789197922
1.86138391495
1.6763010025
1.6087949276
1.90383696556
2.10270094872
1.69626498222
2.1072268486
1.77280306816
1.56713104248
1.6898188591
2.14112210274
2.02130508423
1.7961769104
2.30065107346
2.08544421196
1.60054206848
1.78446698189
2.52999782562
1.71593594551
2.12940788269
1.80148887634
1.75102519989
1.87071704865
1.98637509346
1.62646389008
2.23278999329
2.01973104477
1.85811376572
2.72456002235
2.30077600479
2.1388759613
1.86093187332
1.85987687111
1.53067612648
1.9043879509
2.24247002602
1.81400918961
2.19676399231
2.05165982246
2.02148389816
1.8423230648
1.9469909668
2.06688213348
2.25558900833
2.12587213516
2.8392469883
2.0760819912
1.99255609512
2.16640782356
2.18636894226
1.77574896812
1.8509478569
2.13401198387
1.98766899109
1.72453093529
1.66221404076
1.7003159523
1.94726276398
1.67686200142
1.52614998817
1.69845509529
1.79393601418
1.64993309975
1.80261111259
1.92935490608
1.94807696342
1.75906801224
2.10465407372
1.83365797997
2.04321789742
2.57705998421
2.30255222321
2.17924594879
2.28150892258
2.0776309967
1.704859972
1.82900881767
1.72877192497
1.81586003304
2.21761894226
1.86529397964
2.14429306984
2.12654900551
2.17181491852
1.7542181015
2.21582221985
2.18387103081
2.26628398895
1.84560084343
1.92703485489
1.7709479332
1.81920003891
1.75998687744
1.82159781456
2.08199095726
1.70167016983
1.53042817116
1.79111099243
1.7415099144
1.83860611916
1.7515809536
1.72477197647
1.52640509605
1.66667604446
1.69732284546
2.2171318531
1.65224814415
1.67947101593
1.63579082489
1.86114811897
1.83077096939
1.51905488968
1.50511980057
1.99791407585
1.45606923103
1.8145608902
1.78784608841
1.70426392555
2.02917790413
1.81493997574
1.93041801453
1.82174921036
1.96587109566
1.56876802444
1.70400285721
1.5185251236
1.97583580017
1.46020293236
1.56447696686
1.73098993301
2.27821111679
1.90649604797
1.87394189835
2.09163188934
2.09937405586
1.93253278732
2.09161710739
2.1469271183
2.41347098351
1.76204705238
2.06217098236
1.55833387375
2.05038785934
2.03172492981
1.92644309998
1.76372098923
1.5445420742
1.5895049572
1.61575889587
1.72820281982
1.6390349865
1.90357995033
1.85975003242
1.95412516594
2.09614801407
1.86483192444
2.55307292938
2.37790203094
2.2889509201
1.77932786942
1.95297217369
1.70525503159
1.90258312225
1.75922703743
1.98236203194
1.90019989014
1.83996295929
1.76224398613
2.01856994629
1.53235912323
1.61308813095
1.68498015404
1.86790084839
1.75595903397
1.69973111153
1.9809679985
1.69351100922
1.86718416214
1.83520078659
1.6127910614
