54.1721298695
55.2139248848
56.6144149303
65.2514989376
57.6549139023
57.8486280441
52.9039108753
1.26683592796
56.5452589989
56.1780052185
57.2140219212
53.81965518
1.18370103836
57.9674670696
1.16410207748
0.958065032959
56.6984219551
58.3542881012
57.6571059227
53.2360579967
53.9661228657
60.1365730762
55.9081439972
53.2815098763
53.6358678341
57.6607401371
56.133245945
55.2399930954
1.32615613937
61.2265040874
1.06142807007
59.1332859993
56.7799611092
57.1358959675
67.2778558731
53.7874209881
53.763199091
57.3092648983
60.6140160561
2.42572903633
1.65328884125
59.6162531376
55.4900369644
57.3639941216
55.855093956
1.69777703285
54.731744051
55.4500060081
61.0479109287
0.861613988876
57.4224860668
57.6327829361
56.8835101128
54.9172799587
53.3450391293
58.3384218216
53.218764782
1.16162800789
58.3151638508
1.11987805367
1.49868083
55.8135449886
1.0823969841
55.3850209713
54.7100558281
1.34393310547
56.5314218998
54.7081520557
1.57891607285
54.6962859631
62.0367538929
59.8648450375
55.56001091
54.5455050468
59.8411018848
54.2988369465
60.9511320591
58.075453043
53.0096828938
1.96809601784
54.4833650589
51.0124390125
55.8568089008
55.7611219883
1.46469902992
57.4387819767
53.1805989742
58.9864349365
53.2756500244
54.6750650406
54.3395898342
57.9910550117
53.8131649494
59.5289521217
52.7831609249
0.723277807236
57.5415639877
56.2637469769
1.74546098709
53.8964419365
53.91522789
58.2397191525
0.693506002426
53.7310390472
1.48177313805
57.2683138847
61.1613628864
55.5896070004
54.3311760426
54.0131309032
51.2940888405
55.1012928486
1.63791418076
55.8632669449
58.2851991653
56.16147995
56.8423800468
0.870124816895
52.9997999668
54.5905132294
50.4150619507
0.183510065079
56.6596450806
56.1011278629
59.0847489834
56.7400650978
55.1622428894
53.9893448353
57.8824000359
60.855479002
57.7803139687
1.92805099487
57.4328591824
53.8667089939
57.7201039791
54.3806648254
55.0535979271
60.2415161133
52.8690378666
52.5972950459
53.8860139847
55.4796907902
57.5986540318
56.4861400127
55.3056411743
54.6762909889
1.06860685349
55.6506719589
53.5075790882
55.2817418575
56.2286100388
54.1751270294
58.5517840385
62.5287368298
57.4930729866
0.952978134155
52.8281629086
56.8698749542
54.7404282093
1.57814002037
55.6126508713
61.4880149364
53.851982832
54.4758601189
56.5622291565
55.9880988598
52.7383489609
54.4533720016
55.1657109261
54.7380719185
54.8264298439
1.3708050251
61.1880421638
52.7831141949
56.4544930458
55.440472126
56.9355740547
53.8337321281
53.4278519154
53.023925066
57.9263341427
53.828001976
59.8006958961
57.595416069
55.2043099403
55.6841840744
61.7425720692
53.5099878311
55.5940361023
57.7109811306
61.2410390377
57.6327679157
53.6131341457
1.72191619873
57.2160038948
54.2502670288
55.6344759464
55.7364990711
1.08462095261
57.0876040459
55.7004880905
54.4256169796
58.2813899517
55.2920489311
56.7309029102
52.6827871799
58.0020010471
52.8772010803
57.3962979317
56.6852478981
59.2516767979
53.1667120457
60.0849380493
0.579540014267
54.8486869335
55.4186191559
59.4946579933
55.585506916
61.6778991222
58.3703830242
64.1874091625
54.1610400677
56.5415160656
54.2320950031
56.7365529537
58.1374890804
55.8005928993
63.2863540649
56.3830308914
55.5580999851
58.5711431503
54.4448139668
54.8648469448
53.4686081409
53.9319181442
1.4267950058
58.7029879093
2.16163301468
54.0770001411
58.614773035
59.7423000336
57.3892810345
56.4072859287
2.56012105942
55.8710379601
59.5321390629
64.1027030945
55.0678758621
52.9636158943
59.8729629517
61.5781970024
54.9118080139
56.8345119953
55.6655390263
60.4082901478
53.3391230106
59.4882471561
52.2012279034
61.7210030556
54.6648929119
60.6489319801
0.19170498848
53.1969909668
53.5724799633
55.1243929863
53.3408811092
57.2223160267
57.5920910835
1.43815493584
53.9453001022
55.9443800449
53.7051899433
58.4930770397
52.7202570438
54.893337965
51.7016501427
57.3284599781
56.1679301262
53.7391710281
53.031785965
57.0278880596
56.0210080147
56.0595459938
56.8021099567
56.4576599598
56.2057640553
1.06191396713
51.8301420212
54.7430529594
52.8898611069
50.8794288635
1.55262494087
56.2566740513
62.4911499023
57.1294488907
1.67096996307
55.8019351959
53.5834619999
55.6904001236
59.4154689312
55.7110500336
1.29898405075
62.4871709347
3.32464790344
66.7524647713
53.7292120457
55.1889979839
56.5460071564
57.1225059032
57.6165049076
61.9548578262
1.8850710392
56.0055031776
53.6036860943
56.5337710381
55.0612380505
56.8584861755
55.7045190334
54.8185100555
55.0720000267
56.9698450565
58.1427121162
58.9718701839
56.6461019516
56.4772310257
65.2258570194
54.1695611477
53.472454071
54.7800660133
54.0795991421
53.1923189163
53.2905957699
54.4119091034
53.5001468658
54.96347785
58.6212370396
1.42025494576
56.8247020245
0.946519136429
56.7852320671
54.2664020061
56.108276844
56.5454249382
65.2649259567
61.0878279209
2.01122498512
2.12569093704
57.2674179077
56.1163749695
55.8439371586
56.4789068699
54.3240740299
56.3587489128
52.2544329166
52.7183940411
55.3324289322
59.041426897
56.3574919701
53.660451889
55.7002878189
58.2121779919
1.33738708496
56.3961610794
57.4003398418
56.1413800716
55.2948329449
56.6504611969
57.4270961285
54.4410641193
53.7470359802
54.8229019642
1.91690278053
64.6015181541
62.8333098888
64.3683209419
58.5360860825
57.5798969269
60.5843970776
0.700320005417
2.90131092072
53.5805659294
50.7128539085
57.0282850266
54.3127529621
55.1649780273
52.9668500423
56.1122989655
55.3621499538
53.966176033
2.96889805794
0.303776025772
2.19723320007
55.5789878368
65.630892992
56.1122860909
55.0016918182
1.26340198517
55.8434369564
60.0047590733
56.1218879223
54.4938290119
54.0448050499
58.5290119648
56.5234730244
56.0840699673
57.0168218613
55.5725080967
54.2412910461
0.956272125244
57.745857954
53.4974720478
56.0159099102
54.4834640026
53.4011378288
55.4677190781
54.338173151
53.7927558422
52.8185760975
56.8701899052
54.0447990894
1.48404812813
55.9921870232
55.8964819908
4.25043010712
54.3420059681
57.0446560383
55.6379539967
53.6760480404
56.9013941288
55.3053059578
59.6026949883
0.932381868362
57.5963110924
59.7011520863
56.7181789875
53.3492178917
59.7152400017
59.1874079704
1.3474547863
57.1680698395
1.38264608383
55.0168762207
62.5589239597
56.4858920574
55.3717489243
1.45827507973
54.8493180275
0.750164031982
52.2490701675
56.5996170044
53.2934479713
54.2368659973
53.7734920979
54.6778600216
65.6671061516
56.0389389992
1.1879401207
54.8992650509
1.02723002434
53.7207667828
64.7233529091
56.9740049839
53.0004339218
55.6020140648
55.7592658997
58.146201849
54.8070750237
0.890690088272
52.2814421654
54.2192001343
61.2531750202
57.7082369328
58.7400200367
57.9080209732
52.2969350815
58.1752719879
1.10144495964
64.8819508553
57.3728561401
1.97433900833
57.4692821503
59.3170399666
59.8180251122
0.935306072235
57.2871479988
62.5280580521
0.884977817535
55.0695431232
56.9422709942
55.6645188332
55.3019270897
54.9021711349
54.9732949734
53.9895939827
56.283564806
52.2924101353
55.8331739902
53.3585031033
55.9920639992
58.5952579975
54.1435098648
57.5295610428
57.9009029865
54.4323670864
55.5472569466
1.08458399773
56.5899269581
55.983932972
54.8691129684
54.9095618725
54.3339631557
53.2188668251
57.5979781151
56.3896379471
53.8191399574
54.6730949879
56.8940951824
55.8920741081
60.8220460415
55.3621578217
56.3400428295
57.2028501034
56.479722023
56.0296320915
1.09323310852
4.84158492088
0.516696929932
58.1045608521
55.2213869095
55.0175731182
56.902930975
58.6301400661
52.6965601444
53.7949728966
59.456772089
56.4711549282
57.9557650089
49.9304709435
58.982943058
58.4947741032
53.2033009529
57.5947568417
59.7096688747
58.0821979046
53.9312121868
57.5528790951
56.8982539177
53.9814779758
57.6506199837
57.315294981
56.4959890842
54.9076240063
55.0222039223
56.8747699261
57.9400949478
53.6957240105
53.7425858974
1.81649184227
56.3518869877
54.6717450619
56.9641299248
53.674505949
57.1693520546
51.4341609478
53.2347590923
51.7590630054
54.7786450386
55.4968509674
0.904801845551
57.1230728626
62.0675151348
54.2777249813
59.2489261627
52.1696119308
55.4462258816
56.009016037
57.0551919937
61.7110800743
1.09546113014
58.2270381451
1.07472085953
2.28995299339
55.3321471214
57.7961552143
61.6560618877
56.2194588184
56.8399419785
56.1955711842
53.8144879341
60.5181410313
56.0193650723
60.8577442169
1.7256758213
58.1642940044
61.1400718689
57.7223949432
2.38043093681
4.98772597313
53.6965858936
53.4138200283
58.5369868279
55.4213769436
55.1489980221
52.0372848511
62.3553509712
59.284735918
54.7622580528
53.1579370499
54.5024650097
62.3074998856
54.892717123
58.881567955
51.8006720543
55.6257579327
61.4066860676
52.3988800049
56.4955370426
56.5736300945
57.7749848366
57.1496989727
0.889667987823
53.4397270679
56.7362430096
58.2956519127
61.3283998966
57.563354969
54.4497871399
54.011070013
1.05441689491
57.6393427849
58.1971800327
1.62732720375
57.3447749615
55.6247820854
55.6813149452
1.19943404198
55.4500129223
53.1896691322
56.8197181225
54.1603229046
55.21398592
58.2989490032
57.5360889435
54.7008059025
54.3596839905
52.960021019
55.4679729939
55.658698082
54.7557368279
55.3264009953
2.13055896759
55.3360519409
59.1912829876
57.5367839336
56.6787099838
53.7582440376
56.7136759758
52.9669930935
55.8145709038
56.1843030453
0.853936910629
53.9667708874
55.0961799622
56.765337944
57.0298540592
56.743350029
56.419203043
52.6046860218
56.222192049
65.5691838264
60.5389277935
55.5442590714
52.8253860474
59.0651979446
57.5892121792
59.0942618847
57.2216799259
2.11022210121
63.6074109077
3.16821694374
59.5073940754
64.9214980602
55.578938961
53.0917599201
59.2831759453
56.4909360409
58.0746920109
0.727062940598
61.6797609329
53.0284759998
0.790569067001
67.0362620354
54.8604590893
54.5345048904
58.7797510624
53.7116799355
53.0150279999
59.4730648994
54.201841116
57.4974238873
55.0062408447
55.9088418484
53.6999650002
56.9757771492
56.2935109138
55.8174901009
63.2138009071
58.7663669586
52.9165589809
57.8056530952
58.5502631664
54.1768200397
53.9288570881
52.7550001144
55.140996933
52.1981060505
58.1990859509
58.5606679916
55.2816510201
52.4045188427
59.3215448856
54.459127903
54.6234970093
57.6972539425
57.7932519913
54.2904388905
52.4645009041
55.1395230293
0.131716012955
3.0156390667
62.2373261452
54.749396801
55.9785370827
62.6857590675
0.695363998413
55.7194340229
53.5789630413
54.1865639687
57.2556898594
63.863350153
53.5244479179
54.9493880272
53.3203659058
0.89195895195
58.3750967979
53.9948589802
57.1800899506
55.8226678371
57.5119972229
52.5483689308
54.5952839851
55.5543460846
56.2692811489
55.6149749756
1.49620294571
54.8619959354
56.42334795
65.4279470444
63.350508213
58.394963026
55.8190140724
52.3231620789
53.2385540009
54.1372799873
1.17699408531
54.2512359619
54.6610319614
1.32186388969
65.1567881107
64.1782109737
53.7526731491
55.2413370609
54.1900708675
54.2955648899
1.51733279228
53.2499339581
56.3571369648
50.9777059555
57.4196629524
4.09627389908
58.8720200062
56.2845890522
57.1038160324
52.492303133
56.4610450268
54.7533159256
55.2488729954
56.2499620914
55.7932050228
1.15106606483
55.8868551254
55.1315071583
58.210226059
56.97615695
55.1245138645
59.084250927
54.9561009407
55.6246130466
56.2457120419
55.5204257965
59.4551789761
52.3722150326
58.0471191406
55.8148679733
61.7266540527
57.7018299103
54.7856829166
55.4516060352
55.321158886
54.9980158806
55.8358039856
59.9213721752
56.0857880116
55.6398019791
1.00872778893
59.1345758438
54.5094389915
53.3699300289
58.4350278378
59.0397930145
56.1108858585
59.3491098881
51.9713110924
60.4038658142
56.4015500546
54.5582890511
54.5014090538
53.0993261337
56.5256149769
62.035941124
60.5062589645
59.6389079094
55.1756539345
57.2346270084
52.2766559124
58.8713350296
59.3622410297
54.2102489471
56.143091917
0.917192935944
62.220539093
2.41594004631
61.955188036
59.6019818783
57.5481739044
65.4772901535
51.8521838188
55.1653518677
57.1686089039
51.4140620232
55.2804191113
57.636936903
53.2562329769
0.224473953247
61.1424441338
55.7813100815
55.6252889633
58.9736680984
54.4979219437
55.0739750862
55.8570971489
57.5106639862
56.7313649654
55.5983278751
54.0869021416
56.616204977
54.3475000858
54.1878859997
55.6521251202
55.7213270664
64.624655962
67.9331331253
59.3831219673
53.5964338779
68.0045490265
55.9402451515
52.1079809666
57.0000219345
1.11937499046
56.4976038933
51.7438800335
54.274450779
56.2980620861
62.243283987
1.72106695175
53.5186920166
0.981419801712
54.8880858421
56.5763590336
56.6561620235
61.4978399277
58.0865027905
0.881807088852
57.0274710655
53.8601689339
53.9675569534
1.19469404221
4.96592307091
2.27976584435
52.6072530746
53.5164480209
1.03660798073
57.6135969162
55.6433308125
54.1005091667
53.9827849865
1.31610202789
56.3778369427
1.57792186737
55.5767359734
52.3656740189
55.4149060249
55.4562990665
57.3733720779
58.0580990314
50.5822079182
61.0802760124
70.1014530659
53.5057058334
56.2814950943
58.2421770096
54.5894498825
60.7798149586
53.0650420189
53.8917610645
53.6178519726
52.3961210251
59.1662118435
52.202218771
55.7051038742
1.75910401344
52.1973440647
2.63494706154
59.3496539593
55.1641159058
53.4872820377
54.2227311134
55.3181459904
56.5739440918
56.1993739605
57.2297270298
55.8756630421
54.6528530121
58.028181076
54.2947621346
53.434762001
53.180437088
59.6419758797
54.8670449257
55.1879651546
0.678394794464
54.8247258663
0.988456964493
57.017770052
55.5957939625
52.6745491028
56.8920772076
56.8671638966
52.2371220589
53.7811589241
55.0273661613
0.554620027542
52.9197919369
59.7390489578
54.1624639034
58.0333168507
53.7055690289
53.8355491161
54.6486909389
56.6192359924
56.12292099
59.0639369488
54.1480250359
52.113740921
56.9471678734
55.5680649281
55.7068910599
52.9927470684
53.9826278687
1.36129713058
1.74844908714
56.3410160542
57.5192329884
52.6632180214
58.2226858139
51.9429659843
50.9126958847
56.6337680817
51.5690209866
54.2869489193
53.430366993
57.7503011227
54.652823925
54.6249258518
58.271476984
57.9766359329
3.9899661541
0.606756925583
58.3233821392
52.5150511265
54.6079339981
55.4768130779
53.1394431591
54.3860750198
54.379761219
53.0813810825
53.7138390541
2.63406896591
56.6393890381
0.903957128525
53.3638849258
57.1911551952
55.0047221184
1.37064409256
53.8782579899
56.2453610897
58.1729729176
54.5549900532
54.8202259541
52.3381772041
53.5819869041
51.8808009624
51.9735529423
2.61813807487
56.2747180462
53.6821191311
1.21988797188
54.4573538303
53.1735999584
0.699320077896
57.9643309116
53.5140280724
52.1620640755
53.5427088737
1.08827900887
57.0163178444
1.30829787254
60.4194629192
1.25994420052
52.6749839783
56.4406509399
0.901818037033
51.777700901
54.0596158504
57.3951468468
53.7171268463
1.31519198418
0.698292016983
54.3601279259
58.6175091267
54.6004509926
58.137748003
57.580988884
55.7003951073
55.1591849327
55.6363060474
54.1172549725
56.3170640469
51.1432561874
1.06618309021
51.382144928
53.326581955
55.9562489986
58.5484650135
55.3381898403
55.3126778603
57.7150058746
54.2051007748
51.96402812
54.0410921574
53.051117897
58.9624919891
52.5186460018
56.238973856
56.476473093
63.780714035
56.5838148594
53.0876741409
52.6259970665
55.5571229458
55.8939828873
57.6209030151
54.8360829353
54.9237320423
53.2253029346
5.56844902039
0.55730009079
54.1222980022
55.6874427795
51.9960200787
55.5034570694
55.315128088
53.560890913
53.0467190742
0.714943885803
54.7777791023
58.3326120377
52.544839859
56.3252031803
51.4920489788
55.3194391727
53.3425049782
64.635917902
54.5655200481
55.1020419598
53.0302269459
51.7369370461
66.1985490322
57.2891640663
54.5431599617
55.3298549652
54.5561888218
3.73813891411
1.0547440052
57.1925649643
53.4313118458
53.148651123
52.7662510872
0.791410923004
0.778775930405
53.6415698528
56.5042610168
56.3623781204
54.5847680569
57.6873729229
53.9076740742
55.3281190395
51.4676840305
5.91791200638
57.9082400799
52.1574318409
52.4405229092
57.7870111465
52.6141090393
59.7771918774
52.4762151241
55.4939899445
56.2756950855
0.69599199295
52.8713700771
54.2041978836
55.1492700577
54.6162080765
1.97544312477
1.20938491821
58.1879148483
1.38861513138
55.1333930492
59.961427927
57.3524589539
55.0438089371
53.7488348484
53.6583199501
56.7148809433
52.7166898251
55.9036841393
0.381369113922
54.0996351242
56.5169839859
55.489374876
56.3887810707
54.9614100456
53.4939630032
54.7411029339
56.4559650421
54.3563067913
54.3485279083
1.74387192726
52.848626852
55.2222220898
57.4076571465
55.4801650047
52.7776031494
55.3378679752
53.9869389534
53.4751200676
58.2422339916
3.7995300293
53.1753919125
54.8828678131
55.2969379425
59.0286860466
52.2758569717
1.40999102592
56.313158989
55.0524110794
55.9346821308
52.7365210056
2.81970596313
59.2079310417
53.8979501724
60.0853121281
55.7506160736
54.2937970161
56.4180951118
59.7703311443
53.0363810062
57.6071250439
54.4750351906
1.21357798576
56.6335880756
53.7639651299
57.0863640308
0.467792987823
2.62195611
52.9491479397
53.6636049747
53.6439127922
54.1741940975
1.85228610039
54.3009009361
54.2774720192
55.6187610626
55.2860569954
58.4414088726
1.82570385933
57.1332268715
0.668807983398
53.3060860634
51.3479270935
54.0649030209
56.2522759438
53.7222669125
51.9958651066
55.2779769897
58.4851770401
55.1633350849
55.4431610107
52.9556779861
58.7169048786
57.1202340126
53.1062259674
51.8141191006
54.0299320221
53.8537738323
1.15032696724
0.65788602829
58.4538969994
51.7450380325
60.6118450165
1.13179087639
57.7560100555
54.0611310005
53.8160719872
52.7398848534
54.5505139828
55.7764000893
53.1033759117
52.9590651989
3.21502780914
51.0741140842
60.5892100334
53.5506668091
53.007256031
56.7623260021
55.65685606
54.4142987728
5.36359715462
55.2882580757
4.31226205826
57.2150189877
54.7409341335
0.480572223663
56.3967399597
2.34139990807
54.6751720905
54.3438570499
55.8586778641
53.9297151566
58.3370540142
54.9114022255
54.9667921066
0.936310052872
58.320278883
55.996735096
54.6012887955
54.6875998974
54.3235738277
55.5210568905
53.0751259327
54.8548519611
56.857131958
53.0956919193
55.4894180298
52.8103330135
1.63786697388
53.3806328773
53.9524159431
54.6559188366
56.8208479881
56.3551778793
2.822879076
66.4501478672
56.8944649696
1.42018318176
62.694934845
56.5174238682
0.484064817429
57.351375103
1.76493287086
51.6114761829
58.6032819748
54.9380598068
58.5528960228
0.885176181793
59.169326067
55.6491639614
54.1254370213
58.8039250374
55.4846470356
1.37756204605
56.3225300312
61.0997989178
56.0210061073
56.7408130169
56.1030960083
53.3140029907
53.0986299515
57.1428458691
54.314825058
55.9290881157
49.6201632023
3.90088009834
55.0793700218
54.7650630474
56.4665791988
57.8933010101
1.33378505707
56.8725919724
55.8462839127
0.740067005157
55.1566829681
54.8043711185
55.4314768314
52.1966648102
52.1564559937
2.25108194351
52.3869521618
53.000672102
53.9026129246
55.3027291298
53.1757018566
1.40998387337
55.2332639694
53.962198019
53.0091199875
59.0530278683
3.12689185143
1.53419995308
54.2524130344
54.5082669258
58.2072989941
54.9024279118
56.6628551483
56.1657888889
54.4743790627
59.1249740124
55.5972690582
1.32519388199
1.4445848465
54.9183311462
54.8727388382
57.4994809628
52.0062608719
52.0896949768
55.2197971344
56.6924750805
53.4115350246
59.3563468456
55.0210449696
53.4684281349
53.9366669655
52.3474569321
1.26840305328
53.7833151817
63.9379692078
56.0194749832
52.1393561363
53.8477141857
55.2681450844
53.8433589935
53.8355760574
53.6486468315
56.232558012
53.6151950359
55.4596989155
59.2260890007
57.3620650768
53.1027131081
53.4280560017
58.595621109
55.8395588398
56.4375810623
51.4145848751
53.0533418655
52.2492260933
59.6019849777
52.9614210129
50.9864470959
53.4075717926
56.7714629173
51.8051431179
58.5393109322
55.5654320717
53.0074810982
1.85419201851
55.9602220058
58.1490318775
0.256007194519
57.2713499069
53.9032320976
54.4408860207
59.602658987
52.538326025
56.0653018951
55.0615410805
57.9667100906
55.9777500629
56.7437779903
0.178625106812
54.6329610348
56.5868718624
54.0245468616
53.7806370258
1.63461089134
52.5673391819
0.225903987885
54.5097601414
52.2652320862
51.5967228413
53.6543390751
54.8287889957
50.5508401394
2.07955789566
0.978314876556
56.3915789127
1.07765412331
53.3987309933
54.6046888828
55.3029780388
58.2910659313
59.7482869625
0.199820041656
54.3290579319
58.498914957
56.0366849899
53.6213798523
53.2056920528
53.2557981014
1.52418613434
54.2366831303
2.61335086823
52.1866128445
55.5809910297
2.61675596237
52.8787779808
56.9581680298
54.2270820141
56.9069929123
54.081840992
55.0985040665
52.7434468269
55.9893460274
2.41199803352
52.7292068005
59.2784101963
55.8767161369
58.870265007
55.723596096
58.6034600735
59.6570940018
52.0764961243
54.4616641998
57.3737850189
58.2418889999
58.1825959682
0.320823907852
56.4153568745
53.5918159485
58.1241641045
57.1986088753
54.6834740639
52.9435169697
61.1955730915
54.2493720055
54.6357269287
56.7623550892
59.9614658356
54.2898659706
55.6067230701
58.8197209835
58.4167480469
1.48741602898
52.9731810093
59.6077580452
56.6894910336
52.3307271004
1.32144403458
52.8531899452
55.9004268646
59.3382608891
57.3605499268
57.2880649567
52.36383605
56.9538328648
52.9808390141
56.7833149433
51.3225328922
63.9646201134
57.9681100845
55.2065241337
55.3794140816
2.83722496033
56.5907828808
55.2154269218
56.1757979393
53.3072030544
53.8260629177
50.9713320732
50.4892599583
55.979238987
56.2644188404
53.5770118237
52.5841331482
52.6026170254
52.7467479706
52.2021040916
1.10349392891
57.4059782028
56.8541920185
55.1349339485
57.5682041645
51.65970397
54.9452800751
57.889662981
53.6713459492
55.5830020905
56.3088309765
54.3253347874
56.074352026
52.8536880016
51.5601909161
53.4898848534
53.8904411793
57.8044130802
54.3755319118
56.3766870499
55.2344901562
56.5753920078
53.7832438946
56.8073489666
53.6638791561
58.2973999977
52.2577080727
60.3434569836
55.5035820007
54.7697861195
56.069521904
53.2348151207
54.3590519428
2.66160202026
57.8728451729
58.3105340004
52.5618100166
59.5804381371
62.8399939537
1.0031580925
0.481060028076
53.2504310608
3.00873184204
54.478096962
54.3792550564
56.0255968571
54.1795840263
55.2650499344
54.2603571415
54.3878118992
56.1539480686
52.7192928791
56.9332509041
57.6953160763
60.8395969868
52.5434110165
54.7291059494
0.641472101212
0.511940956116
52.4887678623
52.1602420807
54.9960019588
53.4285349846
60.8754060268
54.7547130585
56.0383718014
2.36170005798
55.2244381905
56.9525828362
60.3104050159
58.5700490475
2.23730111122
53.4778871536
55.1828000546
59.9033279419
53.6673941612
56.5133180618
50.2543179989
55.093724966
53.7951850891
53.6999909878
57.4606671333
1.21887993813
53.3403129578
53.9243159294
58.7317688465
1.0977268219
53.6250669956
56.1292290688
61.9658579826
53.161303997
1.38111901283
54.523581028
1.09487295151
54.0114459991
52.9924919605
58.4255948067
56.7682080269
57.8049778938
61.1283998489
0.371479988098
54.31960392
1.06720399857
51.4139580727
51.640362978
53.1898150444
51.2818689346
54.8516061306
58.2510411739
55.3372681141
62.853689909
1.18406701088
60.1792981625
2.15376901627
54.6472671032
53.6299908161
58.1576840878
53.9841179848
1.21196603775
54.1044790745
54.1860990524
53.9045789242
1.23922896385
55.450576067
1.02337908745
61.8006181717
