0.596724033356
0.14187502861
0.103721141815
0.199216127396
0.0704448223114
0.0900559425354
0.121014118195
0.0773141384125
0.180023193359
0.0708441734314
0.08318400383
0.095654964447
0.0833439826965
0.164645910263
0.167001008987
0.102741956711
0.0599238872528
0.0926289558411
0.0772061347961
0.159520149231
0.129189968109
0.114843130112
0.129570007324
0.115294933319
0.101598024368
0.0851130485535
0.0957078933716
0.397932052612
0.300909042358
0.116760015488
0.101932048798
0.240833997726
0.0707809925079
0.0805830955505
0.109941959381
0.130617141724
0.161849975586
0.250467061996
0.444762945175
0.131052017212
0.0995209217072
0.171232938766
0.0863749980927
0.226217985153
0.232973814011
0.0763380527496
0.106891155243
0.107722997665
0.228427171707
0.0786008834839
0.219909906387
0.131256103516
0.0927259922028
0.109572887421
0.166121006012
0.305462121964
0.102499961853
0.104468822479
0.0717260837555
0.0752551555634
0.146370172501
0.428813934326
0.10560798645
0.105453014374
0.202841043472
0.07062292099
0.145164966583
0.569614171982
0.142385005951
0.105103969574
0.123534917831
0.08669090271
0.158249139786
0.0856330394745
0.112191915512
0.173711776733
0.124601840973
0.0734679698944
0.124044179916
0.086473941803
0.0951309204102
0.379800081253
0.139680147171
0.122293949127
0.136032104492
0.0955619812012
0.142085075378
0.285598993301
0.110821008682
0.0640108585358
0.100676059723
0.0804200172424
0.101800918579
0.225054979324
0.0850150585175
0.0969660282135
0.14848613739
0.268983125687
0.0853209495544
0.0829658508301
0.133046865463
0.138313055038
0.0942399501801
0.237934112549
0.0928730964661
0.12147808075
0.0958609580994
0.0728871822357
0.096403837204
0.180262088776
0.225407838821
0.213297128677
0.0968720912933
0.16828083992
0.0849928855896
0.136973142624
0.123529911041
0.221393108368
0.111578941345
0.108295917511
0.156533956528
0.385113954544
0.546747922897
0.0813171863556
0.111593008041
0.148519039154
0.240807056427
0.0895600318909
0.0886809825897
0.162185907364
0.212227106094
0.0882380008698
0.0789427757263
0.0845129489899
0.124191999435
0.119245052338
0.122997999191
0.13341999054
0.234358072281
0.273381948471
0.0891008377075
0.118643045425
0.0838441848755
0.74475479126
0.117140054703
0.325273990631
0.102682113647
0.208571910858
0.0911691188812
0.0778200626373
0.0999009609222
0.151331186295
0.219390869141
0.0944600105286
0.0935740470886
0.319019794464
0.095253944397
0.209514856339
0.0741140842438
0.0884699821472
0.0904290676117
0.103620052338
0.116216897964
0.10368013382
0.0894069671631
0.095223903656
0.083251953125
0.175163984299
0.105837106705
0.133161067963
0.503330945969
0.191635131836
0.325933933258
0.228281021118
0.100498199463
0.109716892242
0.091922044754
0.119696140289
0.166417121887
0.661803007126
0.201138019562
0.0885438919067
0.166016101837
0.320698022842
0.137331962585
0.153814077377
0.146842956543
0.0847280025482
0.0733048915863
0.0789420604706
0.202424049377
0.507128953934
0.0989120006561
0.137975931168
0.104789018631
0.623263120651
0.0931429862976
0.167737007141
0.112110853195
0.10519194603
0.205353975296
0.323639154434
0.0973229408264
0.126978158951
0.0868139266968
0.081139087677
0.199888944626
0.0815260410309
0.109408140182
0.173758029938
0.221083879471
0.180387020111
0.0909359455109
0.0839860439301
0.153240919113
0.0927889347076
0.331960916519
0.0856449604034
0.0943398475647
0.134029150009
0.114439964294
0.218333959579
0.133522987366
0.0867538452148
0.108683109283
0.161679029465
0.0777010917664
0.105731964111
0.0984899997711
0.196086883545
0.210572957993
0.110249042511
0.158477067947
0.144212961197
0.0846738815308
0.238537073135
0.158625841141
0.336620092392
0.132167100906
0.10316991806
0.184575796127
0.171151161194
0.0922548770905
0.68501996994
0.321758985519
0.122931957245
0.124668121338
0.243912220001
0.265399932861
0.137167930603
0.217744827271
0.0848140716553
0.0764470100403
0.368757009506
0.135272979736
0.0981779098511
0.502568006516
0.0868148803711
0.175798892975
0.12904214859
0.090106010437
0.0874540805817
0.162981987
0.182709932327
0.145570039749
0.100431919098
0.0846099853516
0.36972117424
0.0825140476227
0.105100870132
0.228581905365
0.244087934494
0.331834077835
0.0952398777008
0.0723180770874
0.359819173813
0.103339910507
0.139787912369
0.30849480629
0.162849187851
0.0967929363251
0.115653991699
0.100515842438
0.129114866257
0.105669975281
0.0899019241333
0.079577922821
0.178663015366
0.101783037186
0.0677578449249
0.137696027756
0.0993828773499
0.0792119503021
0.406069993973
0.0916841030121
0.252943992615
0.160672903061
0.147791147232
0.11420917511
0.0871419906616
0.107249975204
0.194186925888
0.101114034653
0.108044147491
1.42456316948
0.237432003021
0.285193920135
0.0929510593414
0.18989109993
0.561964988708
0.10252904892
0.107269048691
0.298975944519
0.149129867554
0.208413124084
0.0865550041199
0.0959391593933
0.104873895645
0.110038995743
0.203457117081
0.16334605217
0.241111040115
0.513440847397
0.209254980087
0.0914161205292
0.0774190425873
0.0887639522552
0.176942110062
0.078428030014
0.255357980728
0.0845649242401
0.0997188091278
0.121512889862
0.134053945541
0.0872268676758
0.168856859207
0.492954015732
0.226261138916
0.127072095871
0.0938739776611
0.101684808731
0.142683982849
0.0743229389191
0.107159852982
0.10137796402
0.0840561389923
0.111483097076
0.113429784775
0.149861097336
0.20099902153
0.105813026428
0.259906053543
0.115847110748
0.485064983368
0.559177875519
0.0886740684509
0.0856900215149
1.02208399773
0.149760007858
0.114591121674
0.188258171082
0.171438932419
0.1284968853
0.0934720039368
0.166047096252
0.258617162704
0.124279975891
0.0848169326782
0.109157085419
0.19101691246
0.0911347866058
0.081533908844
0.169285058975
0.104968070984
0.0822470188141
0.295307159424
0.0859310626984
0.10781788826
0.104520082474
0.112717866898
0.115893125534
0.0812590122223
0.285362005234
0.116792917252
0.0755479335785
0.283746004105
0.103181123734
0.0942668914795
0.146079063416
0.291749000549
0.250321865082
0.143369913101
0.202276945114
0.157165050507
0.207782030106
0.0907909870148
0.0773549079895
0.104351997375
0.123331069946
0.131124019623
0.404878139496
0.128443956375
0.181573867798
0.994724988937
0.0949461460114
0.416074037552
0.105375051498
0.142728090286
0.32027888298
0.522053003311
0.104168891907
0.157398939133
0.154712915421
0.0987038612366
0.0721640586853
0.0826668739319
0.303384065628
0.104255914688
0.118964910507
0.184935808182
0.139303922653
0.0750710964203
0.144163131714
0.17255282402
0.0701630115509
0.0911569595337
0.105531930923
0.155785083771
0.359242916107
0.241135120392
0.0739688873291
0.48255610466
0.136014938354
0.0952141284943
0.145297050476
0.0884160995483
0.941162109375
0.352979898453
0.26865696907
0.0817220211029
0.117886066437
0.217898845673
0.0711619853973
0.0973191261292
0.086021900177
0.0785429477692
0.0948648452759
0.0971438884735
0.157247066498
0.104306936264
0.104030847549
0.126125812531
0.102074861526
0.0750019550323
0.146121025085
0.0839409828186
0.0892970561981
1.28983402252
0.084135055542
0.137075185776
0.22076010704
0.0748250484467
0.094801902771
0.317962169647
0.0793969631195
0.0901880264282
0.114332914352
0.145914077759
0.100322008133
0.113338947296
0.0879039764404
0.360848903656
0.158252954483
0.128423929214
0.19632101059
0.109964847565
0.099760055542
0.0892248153687
0.166409015656
0.0836820602417
0.154510974884
0.10261797905
0.139863967896
0.0910339355469
0.0983109474182
0.159259080887
0.0798330307007
0.083878993988
0.642469882965
0.146872997284
0.0925619602203
0.0943050384521
0.424389123917
0.170716047287
0.130317926407
0.258328914642
0.158027887344
0.200824975967
0.0781278610229
0.110473155975
0.097531080246
0.0807158946991
0.212053060532
0.142599821091
0.175849199295
0.0997920036316
0.14447593689
0.60884809494
0.0757279396057
0.120866060257
0.0903770923615
0.158941984177
0.0873458385468
0.0783479213715
0.142212152481
0.127511024475
0.148775100708
0.0652198791504
0.166667938232
0.295632839203
0.0844080448151
0.0954079627991
0.0904388427734
0.0795929431915
0.13062620163
0.0837728977203
0.10960316658
0.0970959663391
0.113833904266
0.0743498802185
0.0939309597015
0.135394096375
0.113935947418
0.114387989044
0.0876431465149
0.100146055222
0.0966920852661
0.146372795105
0.0675759315491
0.115778923035
0.245576143265
0.111155986786
0.0753769874573
0.258684873581
0.190593004227
0.0697541236877
0.0959620475769
0.110046863556
0.161261796951
0.118656158447
0.0975110530853
0.158389091492
0.0885350704193
0.0999159812927
0.0916759967804
0.480606794357
0.218070030212
0.899132013321
0.113038063049
0.0973379611969
0.230043888092
0.135666847229
0.101061105728
0.0758588314056
0.079540014267
0.111237049103
0.0993340015411
0.259464979172
0.186000823975
0.544772148132
0.0879068374634
0.118556976318
0.105718135834
0.0754880905151
0.127820968628
1.10788798332
0.113990068436
0.117191076279
0.0952310562134
0.121560096741
0.107717037201
0.157981872559
0.195996999741
0.565228939056
0.108038187027
0.815696001053
0.0932099819183
0.0720241069794
0.132299900055
0.104399204254
0.0789031982422
0.108762025833
0.109209060669
0.121202945709
0.0818541049957
0.561835050583
0.0866448879242
0.0985338687897
0.0997228622437
0.0790169239044
0.123679161072
0.099515914917
0.121111869812
0.0820698738098
0.137804985046
0.075001001358
0.107609987259
0.085079908371
0.106723070145
0.0845539569855
0.381072998047
0.0784289836884
0.194662094116
0.106359958649
0.393577098846
0.0793900489807
0.237547874451
0.0715370178223
0.109754800797
0.109920978546
0.0797560214996
0.0966589450836
0.464643001556
0.0877978801727
0.121688842773
0.119014024734
0.078418970108
0.114197969437
0.0966780185699
0.0907950401306
0.199121952057
0.134661912918
0.0796139240265
0.164132833481
0.174008131027
0.110231876373
0.163741111755
0.662843942642
0.196702003479
0.127115011215
0.160948991776
0.80827999115
0.085305929184
0.0991339683533
0.0942120552063
0.0821080207825
0.14683008194
0.0928688049316
0.110080003738
0.0803918838501
0.124007940292
0.101391077042
0.148983955383
0.112277030945
0.0827190876007
0.089870929718
0.0942039489746
0.0967578887939
0.255769014359
0.296199083328
0.0981471538544
0.0993759632111
0.182024002075
0.0651550292969
0.0810689926147
0.336488008499
0.100749015808
0.099179983139
0.159286975861
0.0815198421478
0.182246923447
0.214501142502
0.116956949234
0.0933351516724
0.0875029563904
0.110326051712
0.217833995819
0.108173131943
0.1014149189
0.12460899353
0.0854761600494
0.0987808704376
0.232634067535
0.0922629833221
0.0915479660034
0.150926828384
0.132354021072
0.0684089660645
0.0847871303558
0.0886559486389
0.112082004547
0.119345903397
0.096312046051
0.280092954636
0.60373210907
0.115710020065
0.100654125214
0.159548044205
0.141602039337
0.0882749557495
0.0861349105835
0.221745967865
0.103758096695
0.106270074844
0.73398900032
0.121880054474
0.0857579708099
0.120095968246
0.0960648059845
0.0692889690399
0.473108053207
0.129369974136
0.363378047943
0.0953681468964
0.183726072311
0.0854167938232
0.090362071991
0.148634910583
0.440940856934
0.173988103867
0.170156955719
0.581925153732
0.128042936325
0.114742994308
0.179505109787
0.155430078506
0.114477872849
0.10476398468
0.192109823227
0.806553840637
0.106999158859
0.113770008087
0.0851578712463
0.107768058777
0.0715169906616
0.101640939713
0.370408058167
0.0792570114136
0.16894698143
0.091637134552
0.187991857529
0.130864858627
1.1677570343
0.106089115143
0.113168954849
0.0907418727875
0.237656116486
0.0975711345673
0.224565982819
0.0783658027649
0.0994770526886
0.11571598053
0.197372198105
0.113405942917
0.128477096558
0.0816628932953
0.178032875061
0.138972043991
0.170603990555
0.245101928711
0.221950054169
0.0853841304779
0.103573083878
0.0733909606934
0.168392181396
0.149985074997
0.114558935165
0.209535837173
0.152839899063
0.105890035629
0.0894968509674
0.423454999924
0.294705867767
0.297080039978
0.0890789031982
0.329421043396
0.112854003906
0.146884918213
0.0783441066742
0.108734130859
0.214881181717
0.509530067444
0.177963018417
0.126710176468
0.144005060196
0.0830249786377
0.309247970581
0.0897390842438
0.104151964188
0.13444685936
0.103967905045
0.101160049438
0.143885850906
0.304528951645
0.119275093079
0.147308111191
0.141513109207
0.09494805336
0.303564786911
0.36697101593
0.148847103119
0.095498085022
0.129153966904
0.135077953339
0.165992021561
0.106635093689
0.0927801132202
0.100322961807
0.0935940742493
0.108377933502
0.12154006958
0.107107877731
0.154917001724
0.130891084671
0.136375904083
0.200666189194
0.16339802742
0.747786045074
0.106489181519
0.0993211269379
0.12508392334
0.0883009433746
0.0921468734741
0.574311971664
0.438388109207
0.141474962234
0.443395853043
0.119946956635
0.136796951294
0.107237815857
0.113481998444
0.0874090194702
0.11794090271
0.0873620510101
0.108052968979
0.107728004456
0.160673856735
0.323740959167
0.158133983612
0.218743085861
0.116942167282
0.0992300510406
0.084400177002
0.111991167068
0.574145078659
0.125699996948
0.177777051926
0.134797811508
0.114297151566
0.137823104858
0.140625953674
0.102262020111
0.138517856598
0.100354909897
0.216660022736
0.193852901459
0.12366604805
0.086541891098
0.193994045258
0.0963768959045
0.110311031342
0.109133005142
0.135767936707
0.247438907623
0.444369077682
0.0928978919983
0.124799966812
0.10128903389
0.476314067841
0.412212848663
0.099091053009
0.0969631671906
0.100612163544
0.129953145981
0.14702796936
0.13352894783
0.177771091461
2.87140488625
0.0990879535675
0.0975170135498
0.163791894913
0.133302927017
0.171005964279
0.0962901115417
0.246973991394
0.10372710228
0.230590820312
0.108781099319
0.134185791016
0.113981962204
0.105632066727
0.109966039658
0.0613849163055
0.127600908279
0.0783059597015
0.117503166199
0.0766470432281
0.549185991287
0.367877006531
0.0756030082703
0.0875868797302
0.30352306366
0.391726970673
0.154083013535
0.0825078487396
0.177893877029
0.138349056244
0.138584852219
0.132660150528
0.0768151283264
0.199593067169
0.323230028152
0.0877511501312
0.568099975586
0.120615959167
0.0895109176636
0.214383840561
0.158939838409
0.184233903885
0.161149978638
0.733665943146
0.105146169662
0.111629009247
0.191172122955
0.0909631252289
0.119529008865
0.0992341041565
0.0870978832245
0.0845282077789
0.115826129913
0.170916080475
0.522299051285
0.0670938491821
0.144321203232
0.102375030518
0.122179985046
0.066474199295
0.145752906799
0.1985039711
0.617614030838
0.347328901291
0.080796957016
0.0792369842529
0.118624925613
0.117455005646
0.138997077942
0.0808320045471
0.141556024551
0.611696004868
0.115965843201
0.106103897095
0.147238016129
0.12563586235
0.122940063477
0.134219884872
0.113421916962
0.140980005264
0.0957169532776
0.128316879272
0.114537000656
0.0939960479736
0.0866420269012
0.0793631076813
0.0705389976501
0.0813210010529
0.193146944046
0.215106964111
0.103143930435
0.172163963318
0.110065937042
0.223598957062
0.100840091705
0.161633968353
0.0781769752502
0.108745098114
0.112432956696
0.079076051712
0.193837881088
0.077789068222
0.0749790668488
0.156635046005
0.0656428337097
0.0725660324097
0.0730838775635
0.0669269561768
0.449607849121
0.52327299118
0.0741558074951
0.111434936523
0.0833508968353
0.0742900371552
0.0782990455627
0.615140914917
0.104703903198
0.0890581607819
0.0904679298401
0.106196165085
0.23788189888
0.124749183655
0.155179977417
0.0955939292908
0.0915219783783
0.336542129517
0.107089042664
0.121870040894
0.25715303421
0.0877301692963
0.0864069461823
0.107991933823
0.0722408294678
0.107779026031
0.085559129715
0.0820789337158
0.106778144836
0.124195814133
0.0861089229584
0.07914686203
0.0777750015259
0.0825600624084
0.216792106628
0.0964260101318
0.21514081955
0.155976057053
0.195186853409
0.0750479698181
0.108318090439
0.0817568302155
0.325735092163
0.247001886368
0.0713422298431
0.538086175919
0.0772888660431
0.221299886703
0.0723628997803
0.238622188568
0.0707819461823
0.227564096451
0.131336927414
0.0895919799805
0.141284942627
0.140803098679
0.0707068443298
0.128637075424
0.197875976562
0.102449893951
0.120368003845
0.236335992813
0.0849249362946
0.471111059189
0.0774998664856
0.379976987839
0.0797829627991
0.112857103348
0.159428119659
0.110357999802
0.10262298584
0.230300188065
0.100188970566
0.259373903275
0.237636089325
0.0754070281982
0.67189002037
0.179319858551
0.133576869965
0.35008597374
0.71022105217
0.0843150615692
0.0625030994415
0.179822206497
0.135549068451
0.0728199481964
0.164560079575
0.123053073883
0.16424703598
0.167412996292
0.141140937805
0.516974925995
0.338108062744
0.0829110145569
0.720566987991
0.458852052689
0.074364900589
0.17215681076
0.123677015305
0.101739883423
0.184392929077
0.0907349586487
0.122329950333
0.0969789028168
0.244126081467
0.111916065216
0.112205982208
0.0974609851837
0.149084091187
0.184951066971
0.0869500637054
0.647935152054
0.0785720348358
0.11564707756
0.0652270317078
0.0863301753998
0.319029092789
0.0959620475769
0.120903015137
0.0617990493774
0.0727689266205
0.189211845398
0.089085817337
0.233035087585
0.0738089084625
0.0744049549103
0.0688300132751
0.47803902626
0.351628780365
0.166265964508
0.132169008255
0.415557146072
0.0785429477692
0.0975089073181
0.122359991074
0.0856850147247
0.200875043869
0.093672990799
0.111096143723
0.102151870728
0.199523210526
0.0847210884094
0.0760831832886
0.0771288871765
0.158803939819
0.111129999161
0.0829110145569
0.0812191963196
0.0826988220215
0.0976240634918
0.109003067017
0.163010120392
0.366618871689
0.110288858414
0.186742067337
0.312268972397
0.0691599845886
0.0752720832825
0.0796539783478
0.0758450031281
0.0992040634155
0.114125967026
0.0932478904724
0.0926740169525
0.329038858414
0.0879309177399
0.125324964523
0.0888438224792
0.169855833054
0.0953860282898
0.0806829929352
0.111567020416
0.0823149681091
0.504067897797
0.13495182991
0.0890672206879
0.119251966476
0.180978059769
0.151043891907
0.122128009796
0.0987529754639
0.132360935211
0.0787649154663
0.0938060283661
0.108957767487
0.275646209717
0.601534843445
0.084037065506
0.0813498497009
0.0902371406555
0.0990839004517
0.0875561237335
0.0793249607086
0.0977721214294
0.0859940052032
0.342677116394
0.123461961746
0.36221909523
0.238415956497
0.157875061035
0.266279935837
0.0937480926514
0.0800518989563
0.114919185638
0.0911281108856
0.140396118164
0.141267776489
0.079824924469
0.0803470611572
0.0766079425812
0.0869960784912
0.0735018253326
0.120469093323
0.0813679695129
0.0712220668793
0.102061986923
0.158977985382
0.0977399349213
0.173309087753
0.0814168453217
0.175492048264
0.285200834274
0.347075939178
0.179615020752
0.247916936874
0.117141008377
0.0883729457855
0.114561080933
0.148800849915
0.672935962677
0.098582983017
0.297403812408
0.134478092194
0.0882229804993
0.592528820038
0.0801391601562
0.165356874466
0.294057130814
0.0871169567108
0.0992929935455
0.169566869736
0.102608919144
0.0887508392334
0.073637008667
0.127546072006
0.181561946869
0.100496053696
0.193552970886
0.329821825027
0.11509680748
0.113213062286
0.123620033264
0.0993521213531
0.0907487869263
0.567733049393
0.110014915466
0.299751996994
0.0827178955078
0.180434942245
0.0869288444519
0.0952179431915
0.176781892776
0.209192037582
0.1167781353
0.114302158356
0.139847993851
0.0961408615112
0.137344121933
0.0923788547516
0.108371973038
0.093022108078
0.340116024017
0.112107992172
0.160623073578
0.213441133499
0.0910151004791
0.114895105362
0.172700881958
0.0962541103363
0.0916781425476
0.0911118984222
0.174340009689
0.222950220108
0.118999958038
0.0704770088196
0.115731954575
0.213254928589
0.0810871124268
0.0800199508667
0.0828878879547
0.20246386528
0.169109106064
0.0933821201324
0.283998012543
0.0776958465576
0.103240013123
0.109269857407
0.449854850769
0.0927519798279
0.114390134811
0.139211893082
0.0900979042053
0.133881092072
0.0955369472504
0.143105983734
0.0967671871185
0.0977449417114
0.0922260284424
0.145343065262
0.209898948669
0.0949759483337
0.0897779464722
0.587682008743
0.124755859375
0.0768251419067
0.0820469856262
0.119511842728
0.110440015793
0.0917940139771
0.0966801643372
0.106371164322
0.085165977478
0.128886938095
0.339723110199
0.131206989288
0.176450014114
0.125908851624
0.116904020309
0.0659091472626
0.182808876038
0.132092952728
0.133926868439
0.120115995407
0.251475095749
1.11690711975
0.719206094742
0.0887229442596
0.171188831329
0.0829050540924
0.0866460800171
0.346148014069
0.310209035873
0.611083984375
0.138028860092
0.165949821472
0.324790000916
0.110318183899
0.293279886246
0.13223695755
0.142668008804
0.111952066422
0.0773639678955
0.0812640190125
0.0892350673676
0.167742013931
0.143637895584
0.0744600296021
0.0851449966431
0.0890688896179
0.0695781707764
0.129256010056
0.0948250293732
0.0928130149841
0.0948369503021
0.124051809311
0.0901169776917
0.117449045181
0.259911060333
0.102684020996
0.0822830200195
0.10432600975
0.0701498985291
0.0861809253693
0.147562980652
0.0971519947052
0.0725610256195
0.0921568870544
0.0864129066467
0.34891295433
0.120068073273
0.209728956223
0.0711100101471
0.161810874939
0.0919551849365
0.0830080509186
0.399547100067
0.0884709358215
0.0740988254547
0.0808351039886
0.472127199173
0.0866739749908
0.0799140930176
0.203724861145
0.107978105545
0.0984659194946
0.0728888511658
0.225383996964
0.155606031418
0.328237056732
0.110291957855
0.094181060791
0.11372089386
0.09845495224
0.289369106293
0.0838010311127
0.1529109478
0.125264167786
0.308374881744
0.0971260070801
0.141397953033
0.108970880508
0.0742290019989
0.072319984436
0.164482831955
0.0842502117157
0.10976600647
0.139746904373
0.0929760932922
0.0879559516907
0.181921958923
0.210670948029
1.10169792175
0.108515024185
0.313574075699
0.0818989276886
0.263789176941
0.108700037003
0.0885889530182
0.0759069919586
0.171941995621
0.100530862808
0.100659132004
0.300225019455
0.118674039841
0.0706868171692
0.2767598629
0.0862109661102
0.915282964706
0.102741003036
0.108584165573
0.173262119293
0.235961914062
0.0977010726929
0.13222694397
0.0908811092377
0.0903038978577
0.1868019104
0.0962309837341
0.128111124039
0.23354101181
0.137453079224
0.214687108994
0.373800992966
0.20691204071
0.126844882965
0.343857049942
0.387017011642
0.754849910736
0.282775163651
0.109031915665
0.092227935791
0.36093878746
0.110524892807
0.0863261222839
0.0921471118927
0.087131023407
0.276080846786
0.0762479305267
0.116993904114
0.387685060501
0.488570928574
0.0964920520782
0.103908061981
0.10097193718
0.119666099548
0.17102599144
0.12508893013
0.176660060883
0.132080078125
0.125535011292
0.109297990799
0.181892156601
0.082279920578
0.120146036148
0.134521961212
0.114696979523
0.338276863098
0.219949007034
0.270961046219
0.0852560997009
0.0839719772339
0.168356895447
0.116018772125
0.0720610618591
0.126619100571
0.706188201904
0.0991230010986
0.12912607193
0.0776019096375
0.0714409351349
0.161223888397
0.450345993042
0.111608028412
0.110627174377
0.0990509986877
0.0772790908813
0.091518163681
0.237392902374
0.123529911041
0.124662876129
0.120638132095
0.0927169322968
0.0759060382843
0.097993850708
0.0973999500275
0.100129127502
0.0794129371643
0.0931811332703
0.0877470970154
0.158134937286
0.169991016388
0.0840330123901
0.188086986542
0.07728099823
0.194067955017
0.0726380348206
0.105787038803
0.341741085052
0.102303028107
0.220187902451
0.116509914398
0.0822148323059
0.742168188095
0.107306003571
0.147802114487
0.411393880844
0.228875875473
0.229567050934
0.131428003311
0.229435920715
0.0685110092163
0.0810480117798
0.411345005035
0.0974378585815
0.14744591713
0.1135160923
0.157428979874
0.157736063004
0.0763669013977
0.09215092659
0.200201034546
0.0895509719849
0.0764491558075
0.29648900032
0.0755589008331
0.115967035294
0.140564918518
0.08229804039
0.0842158794403
0.0943269729614
0.127442836761
0.147693157196
0.133228063583
0.0753240585327
0.100888967514
0.0871360301971
0.0894570350647
0.0797548294067
0.391685962677
0.0744769573212
0.0916349887848
0.0954930782318
0.320865869522
0.296710014343
0.0744318962097
0.0683290958405
0.226094007492
0.450008869171
0.254219055176
0.101583957672
0.165477991104
0.105124950409
0.225682020187
0.108867883682
0.0922651290894
0.117923021317
0.10352396965
0.105961084366
0.134680986404
0.117555856705
0.0746538639069
0.0946691036224
0.126283168793
0.098363161087
0.200986862183
0.0814318656921
0.180793046951
0.102699041367
0.10907793045
0.13308596611
0.188199996948
0.106767177582
0.0759541988373
0.084009885788
0.0805239677429
0.0750648975372
0.11422586441
0.147943019867
0.234028816223
0.106680870056
0.108003139496
0.11419916153
0.140591144562
0.245522022247
0.116618156433
0.090008020401
0.204597949982
0.0953981876373
0.509464979172
0.275112867355
0.13964009285
0.157280921936
0.0897948741913
0.121256828308
0.31459903717
0.258556842804
0.100671052933
0.212656021118
0.214586019516
0.100510120392
0.190010070801
0.16331410408
0.100369930267
0.148452997208
0.144835948944
0.0928740501404
0.420105934143
0.479737043381
0.0865340232849
0.0815601348877
0.0869901180267
0.201895952225
0.1020591259
0.0875639915466
0.271235942841
0.0909011363983
0.087455034256
0.185558080673
0.0691020488739
0.0888841152191
0.0960478782654
0.0870590209961
0.126028060913
0.223989963531
0.0821130275726
0.2847468853
0.122226953506
0.169918060303
0.177797079086
0.098662853241
0.120698928833
0.113577127457
0.117949962616
0.284476041794
0.381073951721
0.0866730213165
0.0984499454498
0.182746887207
0.132624864578
0.115078926086
0.0963580608368
0.136817932129
0.0930149555206
0.184460878372
0.101428985596
0.181849002838
0.0957028865814
0.14787197113
0.108068227768
0.0831010341644
0.311467170715
0.15381193161
0.0816419124603
0.0962059497833
0.095067024231
0.0738439559937
0.0838100910187
0.122786045074
0.0834150314331
0.242598056793
0.0975189208984
0.103183031082
0.0937278270721
0.0984489917755
0.0773680210114
0.148991823196
0.543419837952
0.118843078613
0.0891671180725
0.0850729942322
0.0859930515289
0.119438886642
0.0905170440674
2.21919488907
0.187608003616
0.151668071747
0.130345106125
0.119225025177
0.209394931793
0.100181102753
0.453377008438
0.251715183258
0.147504091263
0.30660700798
0.0706129074097
0.0846400260925
0.122899055481
0.11298418045
0.11918091774
0.112362146378
0.121401071548
0.0887801647186
0.0815019607544
0.0929827690125
0.101767063141
0.204795122147
0.100203037262
0.32221198082
0.0977020263672
0.0863502025604
0.0744190216064
0.184221029282
0.279457092285
0.238097906113
0.128711938858
0.202657938004
0.0788328647614
0.0916080474854
0.14234995842
0.334318161011
0.412759780884
0.121233940125
0.264616012573
0.215319871902
0.0863528251648
0.111608028412
0.0954959392548
0.0942640304565
0.11235499382
0.0965929031372
0.0874269008636
0.097403049469
0.0770030021667
0.0872111320496
0.293788909912
0.100831985474
0.507755041122
0.0917751789093
0.187922000885
0.463326931
0.0964870452881
0.68989610672
0.0861899852753
0.134607076645
0.111326932907
0.100333213806
0.0950539112091
0.114575862885
0.20720911026
0.113569974899
0.266580104828
0.244309902191
0.0949878692627
0.094181060791
0.0866208076477
0.336328029633
0.0760631561279
0.094810962677
0.10831785202
0.102499008179
0.224472999573
0.138146877289
0.250818967819
0.0832898616791
0.135231018066
0.505383968353
0.108528852463
0.114351987839
0.0679728984833
0.102458953857
0.102872848511
0.151587963104
0.388891935349
0.380926132202
0.0826909542084
0.109936952591
0.131560087204
0.123709201813
0.135957956314
0.202462911606
0.1010658741
0.113795042038
0.163712978363
0.0784261226654
0.160135030746
0.324393033981
0.0913980007172
0.128046989441
0.153169155121
0.559981107712
0.0796129703522
0.0845530033112
0.12060379982
0.0972111225128
0.083211183548
0.0815889835358
0.317506074905
0.382872104645
0.0714929103851
0.25954413414
0.121220111847
0.351948976517
0.0959830284119
0.239156961441
0.0693089962006
0.0664730072021
0.221209049225
0.272643089294
0.0803711414337
0.106710195541
0.0779371261597
0.256553173065
0.080274105072
0.133568048477
0.359924793243
0.0879850387573
0.0798149108887
0.111616849899
0.128576993942
0.252296924591
0.0764198303223
0.0802872180939
0.0974040031433
0.0940430164337
0.0813791751862
0.086629152298
0.209379196167
0.122720003128
0.0935800075531
0.202853918076
0.143718957901
0.16761302948
0.127252101898
0.121006011963
0.102739095688
0.272412061691
0.107580184937
0.127357959747
0.245617866516
0.120687007904
0.095860004425
0.114427089691
0.213475942612
0.137969017029
0.0994658470154
0.116698026657
0.0965070724487
0.102653026581
0.171247005463
0.11812710762
0.0878500938416
0.940036058426
0.682279825211
0.0854959487915
0.178789138794
0.0862607955933
0.112868070602
0.148821115494
0.110650062561
0.101631879807
0.089467048645
0.0760979652405
0.0775859355927
0.0791671276093
0.0756962299347
0.062530040741
0.140459060669
0.0901129245758
0.142469882965
0.0852148532867
0.0789849758148
0.0995650291443
0.119950056076
0.105488061905
0.115257978439
0.0794339179993
0.168169021606
0.086776971817
0.104835987091
0.0895221233368
0.0914478302002
0.109417915344
0.0852341651917
0.0715470314026
0.092465877533
0.246761083603
0.898030996323
0.140393972397
0.167498111725
0.111688137054
0.073802947998
0.204375982285
0.0956039428711
0.11260509491
0.0764322280884
0.0851211547852
0.237931013107
0.0731339454651
0.687610864639
0.509040117264
0.0808279514313
0.0825040340424
0.0972120761871
0.103404998779
0.1244161129
0.13379406929
0.0848588943481
0.313194036484
0.125629901886
0.155076980591
0.0914869308472
0.094486951828
0.327219963074
0.0990540981293
0.113875865936
0.16169500351
0.104812860489
0.0826418399811
0.112752914429
0.26841211319
0.208703994751
0.377958059311
0.192862987518
0.461981058121
0.111979961395
0.166189908981
0.109350919724
0.106266975403
0.287718057632
0.346166133881
0.124511957169
0.0880811214447
0.528861999512
0.126291036606
0.0868029594421
0.0996809005737
0.167778968811
0.140033960342
0.35330414772
0.094672203064
0.0931189060211
0.169895172119
0.120647192001
0.111721038818
0.110018014908
0.0766189098358
0.0799789428711
0.0962340831757
0.120033979416
0.139434099197
0.165410041809
0.10724902153
0.273329019547
0.244714975357
0.494837999344
0.11110496521
0.185434818268
0.250249147415
0.0690150260925
0.292259931564
0.54812002182
0.101942062378
0.0996429920197
0.137791872025
0.120168209076
0.147732973099
0.22306895256
0.0812749862671
0.11078286171
0.1602602005
0.307322025299
0.156841993332
0.07182097435
0.233019113541
0.0788350105286
0.0999908447266
0.144786834717
0.13169002533
0.193969964981
0.107547998428
0.0665628910065
0.279392957687
0.181751012802
0.34797000885
0.128060102463
0.39453291893
0.0978300571442
0.198563098907
0.292022943497
0.220348119736
0.0985560417175
0.0735988616943
0.111140012741
0.126821994781
0.192096948624
0.101388931274
0.0728600025177
0.109328985214
0.128095149994
0.087256193161
0.0938510894775
0.14248085022
0.0822229385376
0.121500015259
0.120338916779
0.116539001465
0.0584499835968
0.117756843567
0.083899974823
0.105861186981
0.121219158173
0.147438049316
0.135008096695
0.127250909805
0.231694221497
0.0884499549866
0.0944230556488
0.136330842972
0.13794708252
0.0811080932617
0.0877389907837
0.0990982055664
0.109873056412
0.265644073486
0.119647026062
0.0871520042419
0.0729100704193
0.248906850815
0.0912311077118
0.095997095108
0.0983030796051
0.199833154678
0.083911895752
0.190057039261
0.110421180725
0.148273944855
0.0892469882965
1.10064506531
0.0875051021576
0.079626083374
0.170478105545
0.0734949111938
0.102960824966
0.229878902435
0.117908000946
0.315029144287
0.0840148925781
0.0963189601898
0.0939090251923
0.217995166779
0.0812602043152
0.0715339183807
0.169652938843
0.084902048111
0.228471040726
0.0833849906921
0.163563966751
0.0890409946442
0.0934860706329
0.125154018402
0.345284938812
0.16326212883
0.303942918777
0.627407073975
0.205374956131
0.0728189945221
0.0816521644592
0.0908148288727
0.224581003189
0.0638890266418
0.0724568367004
0.500710964203
0.227434158325
0.0870370864868
0.217461824417
0.100889921188
0.276278018951
0.111284971237
0.0869970321655
0.106491804123
0.11008810997
0.0771241188049
0.0800919532776
0.241802930832
0.114001989365
0.0798528194427
0.0807681083679
0.100142002106
0.0758578777313
0.247311830521
0.108808994293
0.35465502739
1.61881804466
0.112889051437
0.0878038406372
1.16842198372
0.128159999847
0.0924289226532
0.262186050415
0.191741943359
0.0685801506042
0.120363950729
0.117755889893
0.0967910289764
0.0976390838623
0.118663072586
0.0950241088867
0.119338035583
0.0792589187622
0.220648050308
0.127710103989
0.257008075714
0.122012853622
0.132053136826
0.175457000732
0.124680995941
0.0862951278687
0.321573019028
0.0765690803528
0.0909750461578
0.271044969559
0.206097126007
0.324507951736
0.154484033585
0.0935378074646
0.201818943024
0.0855100154877
0.0657429695129
0.0806818008423
0.0756711959839
0.104744195938
0.0914509296417
0.114065885544
0.0824139118195
0.104948997498
0.079803943634
0.0935781002045
0.124271869659
0.160023927689
0.118314981461
0.137286901474
0.0738649368286
0.0749199390411
0.111726999283
0.0867259502411
0.112843036652
0.102501869202
0.339651823044
0.0846450328827
0.0829780101776
0.27442407608
0.0964729785919
0.172935962677
0.189352035522
0.153986930847
0.671118974686
0.273750066757
0.398629903793
0.081013917923
0.141927957535
0.327096939087
0.0817539691925
0.307339906693
0.135769128799
0.207999229431
0.0794270038605
0.0905368328094
0.0956871509552
0.0942420959473
0.0851500034332
0.142606019974
0.0908977985382
0.163302183151
0.107278823853
0.133596897125
0.0845549106598
0.120269060135
0.0819139480591
0.100973129272
0.414880037308
0.0889000892639
0.418199777603
0.125055074692
0.0885891914368
0.127727985382
0.144752979279
0.431838035583
0.0769791603088
0.120943069458
0.31955909729
0.0859200954437
0.150887012482
0.0952341556549
0.145761966705
0.118308782578
0.229228973389
0.0916218757629
0.0795059204102
0.113396883011
0.0770499706268
0.136507987976
0.0762188434601
0.220796108246
1.49882698059
0.323583841324
0.180392980576
0.246879816055
0.241873979568
0.248711109161
0.113709211349
0.11496591568
0.119652032852
0.0664720535278
0.123024940491
0.0768918991089
0.190137147903
0.0933849811554
0.0838510990143
0.0848031044006
0.0706369876862
0.0904598236084
0.29981803894
0.0988681316376
0.103620052338
0.203480958939
0.248185873032
0.0795450210571
0.349061012268
0.0794169902802
0.380849838257
0.0876159667969
0.168556928635
0.100488901138
0.581436157227
0.183743000031
0.161430835724
0.241852998734
0.162987947464
0.0900731086731
0.198986053467
0.138561964035
0.115347146988
0.4182472229
0.0829820632935
0.122512102127
0.17517209053
0.518440961838
0.760600090027
0.0764989852905
0.159235954285
0.095360994339
0.0813250541687
1.16840982437
0.0697290897369
0.329930067062
0.105651140213
0.10550904274
0.157321929932
0.1125228405
0.074431180954
0.080512046814
0.0870430469513
0.313938856125
0.167073965073
0.109241008759
0.174279928207
0.236220836639
0.258189916611
0.0944228172302
0.55687713623
0.0912780761719
0.103642940521
0.0861449241638
0.158765077591
0.0930969715118
0.0945019721985
0.0969519615173
0.380181074142
0.0836248397827
0.104896068573
0.0846211910248
0.134688138962
0.102335929871
0.0689809322357
0.0967700481415
0.0787239074707
0.0836570262909
0.0775470733643
0.128034114838
0.0872378349304
0.0779628753662
0.0922629833221
0.241588115692
0.0814981460571
0.110525131226
0.0690641403198
0.18247795105
0.0672280788422
0.27289390564
0.0740530490875
0.171145915985
0.082367181778
0.0973629951477
0.204060077667
0.0981600284576
0.374182939529
0.107449054718
0.174582004547
0.0962681770325
0.0980849266052
0.0776669979095
0.0821161270142
0.114190101624
0.229187965393
0.100688934326
0.10231590271
0.082878112793
0.460086107254
0.0887849330902
0.0673899650574
0.147569894791
0.118181943893
0.0867700576782
0.155187129974
0.0789539813995
0.145689964294
0.141049146652
0.307341098785
0.0928947925568
0.199146986008
0.242223024368
0.191091060638
0.0872230529785
0.150374174118
0.0926971435547
0.12953710556
0.087916135788
0.159583091736
0.360280990601
0.0935220718384
0.0862860679626
0.113586187363
0.225425004959
0.489880084991
0.11013507843
0.105135917664
0.332549095154
0.110915184021
0.0870659351349
0.0866570472717
0.111685037613
0.114471197128
0.107038974762
0.078850030899
0.0815918445587
0.126846075058
0.218538045883
0.0703299045563
0.0846440792084
0.1223051548
0.0792388916016
0.0824711322784
0.0932650566101
0.215914011002
0.125553846359
0.244289875031
0.169425010681
0.0935080051422
0.184731006622
0.145649909973
0.102365970612
0.106840133667
0.0865650177002
0.102618932724
0.395742893219
0.0886662006378
0.240149974823
0.0817120075226
0.128638982773
0.114403009415
0.102905035019
0.0926640033722
0.156472921371
0.105278015137
0.169942855835
1.09255313873
0.0766520500183
0.148260116577
0.0923159122467
0.0964739322662
0.0986070632935
0.212510824203
0.115359067917
0.139654874802
0.118723154068
0.154620885849
0.507560968399
0.194137811661
0.143555879593
0.121785163879
0.0976998806
0.166647911072
0.228035211563
0.067656993866
0.0854020118713
0.0972559452057
0.123480081558
0.070564031601
0.113801002502
0.0972740650177
0.10203909874
0.302709102631
0.774075031281
0.10213303566
0.519703865051
0.193414926529
0.299664020538
0.107606887817
0.325543880463
0.250064849854
0.0791139602661
0.130594968796
0.0707550048828
0.108021974564
0.168432950974
0.0933640003204
0.0836279392242
0.0920629501343
0.300404071808
0.11088514328
0.0791721343994
0.0959849357605
0.118781805038
0.669578075409
0.118057012558
0.100813150406
0.174319028854
0.483798980713
0.114722013474
0.12134885788
0.11943602562
0.112153053284
0.162901878357
0.0982880592346
0.11358499527
0.0884320735931
0.0919878482819
0.0949151515961
0.469841957092
0.0832018852234
0.699290990829
0.122420072556
0.0778348445892
0.264991998672
0.171580076218
0.131930112839
0.119785070419
0.0679121017456
0.111084938049
0.124984025955
0.20906996727
0.0971021652222
0.112951040268
0.0952861309052
0.09943318367
0.388542175293
0.0805289745331
0.175520896912
0.322556018829
0.100923061371
0.16691493988
0.126910924911
0.109599113464
0.177610874176
0.23956489563
0.0946581363678
0.0787150859833
0.0839290618896
0.205042123795
0.0793809890747
0.0979249477386
0.107323169708
0.0670170783997
0.14174413681
0.113438844681
0.106810092926
0.282952070236
0.0654990673065
0.0911250114441
0.113039016724
0.0999917984009
0.089635848999
0.086333990097
0.101783037186
0.18581700325
0.264959096909
0.132243871689
0.0920739173889
0.0813930034637
0.0984501838684
0.102821826935
0.100063085556
0.103345155716
0.209993124008
0.101504087448
0.185667991638
0.316884040833
0.543765068054
0.659842967987
0.0882999897003
0.252502918243
0.0869641304016
0.0840549468994
0.102922916412
0.234678030014
0.183782100677
0.15681385994
0.112549066544
0.15033698082
0.155577898026
0.167843818665
0.0864961147308
0.121677160263
0.0926198959351
0.0817880630493
0.0803530216217
0.126055955887
0.0941269397736
0.310904979706
0.0904839038849
0.386132001877
0.187555074692
0.0743269920349
0.0917880535126
0.0740439891815
0.0764629840851
0.0954411029816
0.114351987839
0.0601861476898
0.0670990943909
0.0832529067993
0.0977251529694
0.21187210083
0.091160774231
0.135027170181
0.333926200867
0.0962669849396
0.219898939133
0.17786693573
0.189471960068
0.317466020584
0.384443998337
0.246539115906
0.090900182724
0.191289901733
0.0683779716492
0.0940749645233
0.290685176849
0.129703998566
0.291207075119
0.949491024017
0.217024803162
0.120949983597
0.136085033417
0.0830998420715
0.0719349384308
0.0876309871674
0.0701491832733
0.0863380432129
0.248672008514
0.0828580856323
0.0882580280304
0.18742108345
0.318506002426
0.128841876984
0.120708942413
0.12186217308
0.22815990448
0.177628993988
0.112294197083
0.0849158763885
0.14821600914
0.152284145355
0.113926887512
0.115082025528
0.0909090042114
0.17267203331
0.122109174728
0.0830159187317
0.105478048325
0.0783760547638
0.096755027771
0.0840578079224
0.11265707016
0.210000038147
0.0816311836243
0.14253282547
0.284821033478
0.0819098949432
0.221523046494
0.110473871231
0.169852018356
0.153197050095
0.132500886917
0.135097980499
0.108300209045
0.105371952057
0.092423915863
0.137677192688
0.11292719841
0.17697095871
0.110491037369
0.0864360332489
0.0592210292816
0.201175928116
0.0731399059296
0.115467071533
0.064887046814
0.187205076218
0.0819070339203
0.0746109485626
0.12495803833
0.164862155914
0.112840890884
0.174576997757
0.0837869644165
0.197487831116
0.0721209049225
0.109616994858
0.117333173752
0.0917980670929
0.0755529403687
0.180438995361
0.0815818309784
0.405050039291
0.39634680748
0.094388961792
0.743006229401
0.214386940002
0.108507156372
0.326374053955
0.0710461139679
0.211123943329
0.0863828659058
0.137393951416
0.111132860184
0.122596979141
0.294410943985
0.463613033295
0.0933330059052
0.103616952896
0.137582063675
0.0752539634705
0.178447008133
0.11763715744
0.241804838181
0.0881900787354
0.0688049793243
0.0751230716705
0.143285989761
0.105102062225
0.101435899734
0.0757179260254
0.126657009125
0.0750291347504
0.0867259502411
0.0853319168091
0.0696060657501
0.0834159851074
0.145743131638
0.139122009277
0.373353004456
0.152892112732
0.220992803574
0.0652389526367
0.169983148575
0.150746107101
0.1275370121
0.242732048035
0.121181964874
0.0707490444183
0.0913898944855
0.0991570949554
0.0771958827972
0.0919260978699
0.17795085907
0.160305976868
0.0779058933258
0.071711063385
0.334633111954
0.0913829803467
0.149802923203
0.105892896652
0.0795011520386
0.0854871273041
0.176891088486
0.1071870327
0.252777814865
0.266685962677
0.0725390911102
0.0801618099213
0.0666370391846
0.125565052032
0.438159227371
0.510782003403
0.068470954895
0.289848089218
0.109122037888
0.214684009552
0.102655172348
0.109170913696
0.085216999054
0.0949890613556
0.0773041248322
0.0792019367218
0.210751056671
0.0617849826813
0.0685880184174
0.191555976868
0.0976469516754
0.0791790485382
0.341513872147
0.183960199356
0.10666012764
0.208425045013
0.167074918747
0.134894132614
0.067794084549
0.0657451152802
0.559386968613
0.110231161118
0.0820908546448
0.0734181404114
0.0646409988403
0.389305114746
0.0859088897705
0.0952649116516
0.0999350547791
0.0735409259796
0.0731980800629
0.451914072037
0.0964529514313
0.151377916336
0.112687110901
0.222672939301
0.0775327682495
0.263080120087
0.0712060928345
0.116848945618
0.173901796341
0.0843329429626
0.129804849625
0.0744421482086
0.102436065674
0.10996389389
0.0644609928131
0.388619184494
0.560184001923
0.0814259052277
0.180997133255
0.168168783188
0.0712389945984
0.188347101212
0.0939190387726
0.0652577877045
0.0664989948273
0.0888111591339
0.112775802612
0.0868408679962
0.0958931446075
0.085697889328
0.312260150909
0.148753881454
0.237855195999
0.106268882751
0.0769309997559
0.10384106636
0.0756959915161
0.0939810276031
0.152395009995
0.057578086853
0.0598120689392
0.132863998413
0.0597870349884
0.170634031296
0.0919299125671
0.0976848602295
0.116864204407
0.0991928577423
0.225871086121
0.0771119594574
0.3120470047
0.104206085205
0.132178783417
0.177441835403
0.0703201293945
0.593989849091
0.0949711799622
0.0800471305847
0.0942959785461
0.104294061661
0.0879368782043
0.157394170761
0.0824229717255
0.137959957123
0.0911960601807
0.0773820877075
0.0840141773224
0.0709850788116
0.0628039836884
0.0971369743347
0.0700528621674
0.2144510746
0.0718848705292
0.112208127975
0.165724992752
0.0939090251923
0.0796778202057
0.0836191177368
0.0685548782349
0.0733079910278
0.161756038666
0.0603539943695
0.252363920212
0.126279115677
0.0739688873291
0.113250017166
0.443445920944
0.0564379692078
0.103329896927
0.126481056213
0.115240812302
0.0685980319977
0.0731678009033
0.16691493988
0.0741829872131
0.0986709594727
0.118534088135
0.0656821727753
0.0609760284424
0.0694971084595
0.193733930588
0.0685410499573
0.0690560340881
0.296870946884
0.0650148391724
0.0980379581451
0.0943720340729
0.190024852753
0.095822095871
0.133611917496
0.104000091553
0.0909240245819
0.0799579620361
0.143029212952
0.0889391899109
0.111518144608
0.066682100296
0.0753481388092
0.0883090496063
0.0624029636383
0.120115995407
0.22251701355
0.064857006073
0.155612945557
0.103650093079
0.0701792240143
0.112038135529
0.0679671764374
0.111729860306
0.101377010345
0.104089021683
0.0628418922424
0.266467094421
0.0758349895477
0.357680797577
0.0778369903564
0.108716011047
0.10924577713
0.0981569290161
0.096009016037
0.0998449325562
0.0949881076813
0.110998868942
0.487950086594
0.0629279613495
0.105839967728
0.0883240699768
0.149528026581
0.0689630508423
0.0878541469574
0.0791149139404
0.115900993347
0.0969729423523
0.0704200267792
0.0660600662231
0.219277143478
0.0908310413361
0.26956820488
0.0928118228912
0.0716688632965
0.1052339077
0.241713047028
0.0863599777222
0.113099098206
0.0825879573822
0.0773870944977
0.0831890106201
0.0759770870209
0.0806660652161
0.062744140625
0.0987279415131
0.11029791832
0.0657780170441
0.0893201828003
0.299014091492
0.393709182739
0.158087968826
0.0718848705292
0.134525060654
0.0825638771057
0.489470005035
0.823949098587
0.317161798477
0.100963115692
0.0942039489746
0.0695040225983
0.0625450611115
0.26266503334
0.205706119537
0.0739479064941
0.160682916641
0.0742409229279
0.28372502327
0.20903801918
0.227863073349
0.243209123611
0.060133934021
0.0913200378418
0.100225925446
0.321007013321
0.120981931686
0.0989558696747
0.124740839005
0.0746140480042
0.111829996109
0.0735509395599
0.0959618091583
0.16934299469
0.117861032486
0.071573972702
0.464987039566
0.10787820816
0.0957820415497
0.0687868595123
0.143308877945
0.292127132416
0.159478902817
0.103929042816
0.0777449607849
0.175056934357
0.0654499530792
0.284773826599
0.209580183029
0.0680570602417
0.130409002304
0.0741732120514
0.405581951141
0.205492973328
0.101790904999
0.0822350978851
0.075984954834
0.116019964218
0.113874912262
0.0713858604431
0.144506931305
0.0584440231323
0.100650072098
0.107533216476
0.135390043259
0.41735291481
0.0656428337097
0.0923309326172
0.0964848995209
0.0807452201843
0.109009981155
0.0586998462677
0.0802328586578
0.0846979618073
0.110488891602
0.406189203262
0.136283874512
0.129119873047
0.0856289863586
0.0626411437988
0.090115070343
0.181156873703
0.0618200302124
0.0941109657288
0.141374111176
0.120302200317
0.075502872467
0.0888538360596
0.174872875214
0.07759308815
0.300274133682
0.103928089142
0.0826330184937
0.491724014282
0.10449385643
0.221550941467
0.094071149826
0.136853933334
0.0822060108185
0.0840408802032
0.0731649398804
0.122799158096
0.153789997101
0.104939937592
0.146830797195
0.0639450550079
0.0689990520477
0.15963602066
0.0581021308899
0.0699028968811
0.06889295578
0.141577005386
0.145915985107
0.42605805397
0.0724380016327
0.0773491859436
0.0710740089417
0.0648250579834
0.0760228633881
0.126502037048
0.119210004807
0.0767459869385
0.127530097961
0.195339918137
0.10804104805
0.095850944519
0.0762469768524
0.341542005539
0.0983390808105
0.150083780289
0.0647501945496
0.101583003998
0.216255187988
0.305534124374
0.160255908966
0.131386995316
0.0654680728912
0.084804058075
0.19920706749
0.15909409523
0.072986125946
0.0995090007782
0.0798871517181
0.0884878635406
0.0822920799255
0.100240945816
0.0639140605927
0.19166302681
0.355861902237
0.163553953171
0.0748569965363
0.233377933502
0.105403900146
0.0700480937958
0.111238002777
0.0962669849396
0.132150173187
0.0902609825134
0.0825500488281
0.111243963242
0.193057060242
0.263700962067
0.159861087799
0.0580470561981
0.118993997574
0.0646569728851
0.0773899555206
0.426182031631
0.145477056503
0.0901589393616
0.0908830165863
0.109035015106
0.539524078369
0.103467941284
0.0620930194855
0.906878948212
0.198791980743
0.145673036575
0.0661799907684
0.0685079097748
0.155012845993
0.119941949844
0.0910708904266
0.0553889274597
0.10048699379
0.241698026657
0.0709600448608
0.128738164902
0.115318775177
0.0940699577332
0.0746729373932
0.0915141105652
0.275454998016
0.0750949382782
0.195738792419
0.0772721767426
0.0881540775299
0.243632078171
0.0715320110321
0.143753051758
0.425348997116
0.422900915146
0.228857040405
0.0800731182098
0.135514974594
0.0815939903259
0.103897094727
0.175310134888
0.131734132767
0.10058093071
0.193655967712
0.112473964691
0.150371074677
0.101089954376
0.282800912857
0.229882001877
0.20076584816
0.0901670455933
0.091814994812
0.123097896576
0.168740034103
0.0882329940796
0.0788099765778
0.0935339927673
0.342381954193
0.375893115997
0.131062984467
0.0860168933868
0.0657958984375
0.22908115387
0.352508068085
0.0747990608215
0.0693151950836
0.0591428279877
0.0907719135284
0.0657021999359
0.271173000336
0.0900280475616
0.318567991257
0.0752809047699
0.0955419540405
0.126543998718
0.153340101242
0.0779030323029
0.0852661132812
0.0844740867615
0.0772371292114
0.109395027161
0.0966680049896
0.0600738525391
0.102426052094
0.101965904236
0.112941980362
0.157160997391
0.0764570236206
0.299949884415
0.0870311260223
0.0777180194855
0.1778819561
0.0665519237518
0.109443902969
0.0716769695282
0.11485004425
0.0873939990997
0.218425989151
0.0803070068359
0.238543987274
0.174696922302
0.180423974991
0.133388996124
0.320286035538
0.354543209076
0.122071027756
0.109294176102
0.128824949265
0.0856449604034
0.0787839889526
0.286229133606
0.0672471523285
0.128684997559
0.166572093964
0.0732409954071
0.081992149353
0.0989730358124
0.0878520011902
0.0821981430054
0.0759131908417
0.102313995361
0.093318939209
0.286706924438
0.0819621086121
0.095458984375
0.274744033813
0.096743106842
0.175049066544
0.115737199783
0.115031957626
0.214607954025
0.257513999939
0.10128903389
0.0773899555206
0.0826389789581
0.315509080887
0.0945150852203
0.117316961288
0.499814033508
0.106580018997
0.170765161514
0.111068964005
0.346783161163
0.113952159882
0.0945069789886
0.0960338115692
0.255060911179
0.138854980469
0.0664038658142
0.11864900589
0.111836910248
0.0737459659576
0.12882900238
0.0932350158691
0.0877709388733
0.191140890121
0.0810649394989
0.0833098888397
0.127033948898
0.156001091003
0.103785991669
0.135458946228
0.111919164658
0.113209009171
0.129791975021
0.0694320201874
0.091071844101
0.265133142471
0.299871921539
0.109352827072
0.105315923691
0.104462862015
0.113044023514
0.197328090668
0.105012893677
0.114509105682
0.0808651447296
0.0883538722992
0.619817018509
0.109619855881
0.0869829654694
0.288562059402
0.160729885101
0.145271062851
0.179455041885
0.0814709663391
0.112879991531
0.0734190940857
0.0773711204529
0.0782310962677
0.170535802841
0.0998089313507
0.30055308342
0.116077184677
0.0631630420685
0.0917880535126
0.101655960083
0.297827005386
0.092521905899
0.0970280170441
0.0832550525665
0.0972850322723
0.0825259685516
0.0924201011658
0.0772321224213
0.0638749599457
0.169723987579
0.0815370082855
0.141301870346
0.104544878006
0.0834410190582
0.0624589920044
0.0751791000366
0.0894410610199
0.0913879871368
0.0628018379211
0.209594011307
0.087336063385
0.0728781223297
0.23961687088
0.111529827118
0.0798380374908
0.0914371013641
0.0698621273041
0.111072063446
0.117446184158
0.121623039246
0.0899348258972
0.0812590122223
0.0691509246826
0.0625247955322
0.258133888245
0.0781610012054
0.0750110149384
0.0703821182251
0.0884299278259
0.162841081619
0.0939378738403
0.0621151924133
0.747814893723
0.0715410709381
0.116504192352
0.123625993729
0.0739362239838
0.0788550376892
0.0798900127411
0.0952658653259
0.097373008728
0.0631899833679
0.0856850147247
0.381859064102
0.080087184906
0.296802043915
0.154901981354
0.136512994766
0.082633972168
0.0698139667511
0.105159044266
0.0876259803772
0.270631074905
0.0674691200256
0.118506908417
0.126401901245
0.0720429420471
0.0661020278931
0.10079407692
0.0780370235443
0.0989940166473
0.0665800571442
0.14725112915
0.0802750587463
0.103900909424
0.168673038483
0.061516046524
0.0789070129395
0.0759830474854
0.24827003479
0.0811140537262
0.49854183197
0.0667679309845
0.0875599384308
0.0917880535126
0.43582201004
0.113527059555
0.236628055573
0.108430862427
0.265892028809
0.280486106873
0.197204828262
0.114455938339
0.0765738487244
