4.26040005684
3.39446020126
3.4939520359
3.42548203468
4.37102603912
3.37877011299
3.7517387867
2.99726390839
3.4689180851
3.71262001991
3.41170191765
3.12243795395
3.71521711349
3.23574304581
3.16853308678
3.15372490883
3.54676198959
3.23015403748
3.3284201622
2.94153594971
3.06812906265
3.02038407326
2.95809698105
3.01150798798
3.1284160614
3.09680080414
3.47867894173
5.25222086906
2.97396993637
3.248513937
2.92873597145
3.9244260788
3.1319360733
3.48458600044
3.12890100479
3.2635948658
3.56131291389
2.92895889282
3.47220087051
3.19652295113
3.2779481411
3.17534208298
3.33077788353
3.30668592453
4.21665596962
3.11614608765
3.30990290642
2.92389798164
2.89552903175
2.67105793953
3.25684404373
3.1861269474
2.7425968647
3.09095191956
2.93084311485
2.92246794701
2.90447807312
3.07033205032
4.63983201981
3.01865506172
3.01344799995
5.58036208153
3.10270404816
3.1137201786
2.96143817902
3.34638381004
3.20549702644
2.85032987595
2.95550704002
3.41395688057
2.976375103
4.07367396355
3.48273396492
3.68490099907
2.99993419647
4.34726595879
3.08197689056
3.04883503914
3.32841396332
3.5774769783
4.36353206635
3.13156294823
2.98872995377
3.58984494209
3.48341083527
3.29012393951
3.3365418911
3.11648797989
3.30053400993
3.00580406189
3.17181396484
3.29354596138
6.05739617348
3.30042409897
2.96357417107
3.36237287521
4.14390802383
3.2772769928
3.00026607513
2.69361114502
4.12880396843
3.35117101669
3.94646215439
2.79629802704
2.76146507263
3.10663509369
2.96124505997
3.25877904892
3.19343805313
3.21376895905
2.81996798515
3.48771500587
4.05309391022
3.61035895348
3.66496706009
2.99746799469
3.97315001488
3.08436822891
2.9051861763
2.88104391098
3.2829349041
3.24599599838
2.89637112617
3.13622093201
4.72721982002
3.39907622337
3.11836290359
2.98909211159
3.160187006
3.20835494995
3.30053114891
4.18225693703
3.83812403679
3.32621097565
2.99533104897
3.1891310215
3.36452198029
3.03118085861
3.0595510006
3.10306620598
4.74239397049
3.32492899895
3.42827582359
2.8846681118
3.25766921043
3.66854786873
3.04840803146
2.77419805527
3.00418114662
3.09483909607
3.16779398918
3.09231209755
3.05328083038
2.7361240387
3.22065114975
2.90881800652
2.88613200188
2.77307915688
3.32092499733
3.06622099876
3.07953095436
3.15120792389
2.84849190712
2.86595416069
2.86761903763
3.60254001617
3.08171796799
3.01925587654
3.2192428112
3.02305197716
3.04196310043
3.24490213394
3.13126993179
2.85337305069
2.77937889099
3.03135585785
3.46891403198
4.09638285637
3.14881420135
2.86010289192
3.25340104103
2.92719006538
3.12712311745
3.23232889175
2.90911197662
3.08366179466
3.31364393234
3.01752901077
3.15100383759
3.10651612282
3.09209299088
2.84314703941
3.49715900421
2.74632096291
2.88510298729
3.08408689499
2.96590614319
3.32194113731
2.95974898338
3.41974401474
3.16271805763
3.07244992256
2.94925880432
2.89018583298
2.92039203644
3.11847400665
2.88833498955
2.89183712006
3.10837388039
3.51049399376
3.06033301353
4.13408708572
4.18516492844
2.87105083466
3.41892004013
3.344810009
3.00829792023
3.48772096634
3.62025713921
3.34808802605
3.15837812424
3.4655020237
3.27430295944
3.45260286331
2.90955591202
3.19660687447
3.00833201408
3.10826706886
3.81662893295
3.17464518547
2.93505787849
3.43044781685
3.03546500206
4.11944198608
3.12116503716
3.82343482971
2.8200469017
3.13192892075
3.28866887093
2.99307894707
5.01640892029
4.60553407669
2.82788014412
3.07370996475
3.76031208038
3.29254198074
2.94470906258
3.35175704956
3.07230901718
3.02905297279
3.59486985207
3.56076478958
3.29185605049
5.60621404648
2.91997885704
3.11266303062
3.36757898331
2.77887606621
3.01720094681
3.72020316124
3.41445708275
3.15279889107
2.97010588646
2.88291788101
3.01977109909
2.9966468811
3.4902780056
2.94315505028
2.84004712105
2.91918992996
2.90749883652
3.12017512321
3.02394795418
3.09768986702
2.913367033
2.95634484291
2.97134518623
3.2089240551
2.97838306427
3.4257569313
3.18421816826
3.33766794205
2.85625290871
2.95823192596
3.11130809784
3.04813194275
3.95406413078
3.11801505089
3.09610009193
3.15629196167
3.29485797882
3.46631598473
3.54374504089
3.62365317345
3.60372114182
3.6549141407
3.28201413155
3.24823498726
2.75792694092
4.24870896339
3.61075806618
4.33032393456
3.52897405624
4.75904011726
2.94480586052
2.86134600639
4.15887904167
2.85337090492
3.92600607872
2.83260202408
3.06937289238
3.31995511055
3.27299690247
3.61090707779
3.14104008675
2.87825393677
3.25279402733
3.5876250267
3.00135803223
3.33553814888
2.93942689896
3.26151895523
3.61957001686
2.85677504539
2.85399413109
3.59401607513
2.89214897156
3.08902096748
3.43015694618
2.74645113945
3.04170799255
2.7591688633
3.93548202515
2.83992099762
2.91724205017
3.18918800354
2.93440699577
2.92782902718
5.56357312202
3.06606888771
3.25572991371
2.7042889595
4.14141702652
3.2053129673
2.78629207611
2.90078306198
3.3720831871
2.9534008503
3.11736893654
3.18192911148
2.90891313553
3.25431609154
2.96825098991
2.88592100143
3.33008718491
2.8497300148
3.04670214653
3.26098012924
3.01639199257
3.04369282722
2.91589212418
2.85010290146
3.0825381279
2.90279603004
2.72992706299
3.11957812309
4.01882386208
3.1066031456
3.10381698608
3.19039797783
2.91053295135
4.12331986427
3.05523681641
2.82982683182
3.1095662117
2.85105705261
3.37062501907
3.03179788589
3.32596611977
2.84869289398
2.89187192917
3.24065113068
2.86782312393
4.41823291779
3.1440448761
2.9328379631
2.63012599945
3.57893681526
4.53863883018
3.03905797005
3.60963606834
2.80575108528
4.12897586823
3.25719094276
2.97739005089
3.10341191292
3.4923760891
2.84150409698
3.31109786034
3.14045810699
2.97597694397
2.67274904251
3.11751008034
3.00468111038
3.06407117844
3.34240984917
2.59652900696
3.63226699829
4.19069981575
3.11944699287
3.02970600128
3.19737911224
3.11735200882
3.33978509903
2.63545179367
4.23678803444
3.08450698853
3.28769397736
3.04893994331
4.38722014427
2.94149398804
3.63914895058
3.08965301514
3.12342309952
2.70226407051
2.89301586151
2.76523709297
2.74280595779
2.89976596832
3.04848194122
2.82659506798
3.02315807343
3.02410387993
2.77858686447
3.58673381805
2.8953371048
2.9935529232
3.8361620903
3.11956000328
3.48222994804
2.95222711563
3.29794192314
3.2851421833
2.92420601845
3.64623308182
3.08221912384
3.43097901344
2.88186478615
2.73498177528
2.6677210331
2.94428396225
2.89447903633
2.88639521599
2.99730110168
3.06655097008
3.07672595978
2.73364710808
2.86940193176
3.27723503113
3.24128890038
3.16636705399
3.05223107338
3.02899909019
3.14687895775
2.92129397392
3.08031010628
2.91563200951
4.03215312958
3.03092908859
3.04209899902
3.99205803871
3.09263515472
2.99177098274
2.7027888298
3.78399801254
3.02112603188
2.9917538166
2.92270803452
2.90476799011
3.12693405151
3.87792110443
3.36219787598
2.86033892632
2.80450201035
3.18662285805
3.36192798615
3.4315969944
2.98973298073
3.06106281281
3.42411112785
3.16446805
2.67101287842
3.21554303169
3.63882112503
3.1670320034
3.00410294533
3.36182785034
2.81198811531
3.59484505653
3.48966884613
3.54819297791
3.02877187729
3.34975194931
3.26847505569
3.98838686943
3.17611098289
3.03222990036
3.26595497131
3.07167887688
2.92286705971
3.2129509449
3.12465214729
3.36238598824
2.95845484734
2.98012304306
3.34065103531
2.81202602386
3.49018192291
3.00633597374
3.30932879448
2.91414499283
2.84948301315
3.10495400429
2.91428613663
2.98488998413
2.72791194916
2.71560788155
3.11839985847
2.98225307465
3.12964582443
4.37480711937
3.06109809875
2.78045797348
4.41228318214
3.10426521301
2.70857691765
2.87815880775
5.13786196709
3.13120508194
3.22072315216
2.93435287476
3.23455810547
3.21150612831
3.66957092285
3.06774282455
3.0833530426
3.33753108978
4.0260078907
3.12880110741
3.4434530735
5.37784218788
3.24678707123
3.51994204521
2.92334294319
3.17231583595
5.70751881599
3.1496489048
3.56541800499
4.08419704437
3.2051858902
2.86989617348
2.64363193512
2.94922304153
2.83519101143
3.0138168335
3.39010000229
3.13259506226
3.07653689384
2.75741291046
3.32156705856
2.90204906464
3.00634908676
3.75547909737
2.73384213448
2.69867396355
2.92758393288
3.29145288467
2.91850876808
2.80537796021
3.28652596474
3.49319577217
3.08104300499
3.43244791031
2.8120200634
2.81976008415
3.24031591415
3.06146907806
3.12919592857
3.13631105423
3.11629295349
3.15067601204
2.88693094254
2.87141895294
4.34391593933
3.9865231514
3.44839501381
3.31051683426
3.02771306038
3.17673921585
3.2798371315
2.93187117577
2.97737407684
2.80877995491
2.797519207
2.85818576813
3.02660298347
4.28451418877
3.01283979416
2.84938406944
3.76537919044
2.79923701286
3.31758403778
3.07586979866
3.41336011887
3.488052845
3.07415008545
2.87997102737
2.64827895164
3.31226682663
2.79665112495
3.9104809761
3.07843899727
3.23296999931
3.02709913254
3.48237895966
2.56634402275
4.3631131649
2.81465888023
3.50652694702
3.04470515251
2.73362398148
3.11587095261
3.18904018402
2.96521711349
2.94380497932
3.42405295372
2.87289094925
2.98470401764
2.98534679413
2.9829390049
3.21994304657
4.52042293549
3.42975592613
3.12881588936
2.92458796501
3.2721259594
3.0325191021
3.03319621086
2.92745685577
3.12823104858
3.24732089043
3.03608703613
3.07738304138
2.97142982483
2.83090686798
3.22773504257
2.95457911491
2.92714691162
2.99815702438
2.93768310547
2.942964077
3.12314605713
2.8906879425
3.38048696518
3.09147405624
3.04213285446
2.95674800873
3.04148983955
3.2659277916
3.2219889164
3.17489004135
3.49721097946
2.91458511353
3.07329797745
3.72392487526
3.49916291237
2.87840008736
2.83264803886
2.97556185722
2.95740795135
2.98876810074
3.427765131
3.67914104462
3.0416829586
3.47015309334
2.8456401825
2.87170314789
3.27049303055
3.90256094933
3.15435504913
2.99684691429
3.36654305458
3.53030896187
3.12372708321
3.09487295151
2.99759697914
2.98477005959
3.76102900505
2.93268179893
3.42374920845
3.36331391335
2.6987221241
3.4227039814
2.66106104851
3.01869702339
2.63765382767
3.54750704765
3.91764903069
3.10880994797
3.46196603775
3.66234397888
3.01889181137
2.74537181854
3.79418516159
3.68118286133
2.84675598145
3.00533103943
3.51521706581
2.83623313904
3.20768594742
2.96256399155
4.38229203224
2.70888590813
3.87065005302
3.16591000557
3.4426279068
2.61563491821
2.97962403297
4.05072903633
2.82156682014
2.82987999916
3.26742601395
3.18188095093
2.97274804115
2.83560991287
2.89126801491
2.90711092949
3.40328001976
3.10939311981
3.05796313286
2.9356970787
3.67230200768
3.25242805481
3.38031005859
2.87906599045
3.13702201843
2.7888109684
3.51151704788
3.26819896698
3.00276303291
2.80024600029
3.12347507477
2.85089802742
3.34667181969
3.03087806702
3.26764202118
3.58316493034
3.46847891808
2.92026185989
3.75041699409
2.93304395676
2.81445813179
3.19220685959
3.34636998177
2.98097109795
2.88043189049
3.08701109886
3.18449115753
3.09259819984
3.48764705658
3.68542695045
2.95803499222
2.81343483925
3.17661595345
3.10679602623
3.05507898331
4.2690179348
3.23284006119
3.16154384613
3.19326996803
3.13117194176
2.86898303032
3.08257889748
3.08853697777
2.89390802383
3.08783388138
3.28279304504
3.00283312798
3.78811407089
2.73750805855
3.04233884811
2.94267106056
3.14051103592
3.08019089699
2.88998889923
3.09470796585
3.28181290627
3.00594592094
3.02769184113
2.78586483002
2.99246501923
2.92631697655
4.4714050293
3.0663599968
3.17996907234
3.89506220818
4.67320203781
3.09473896027
3.10106396675
2.9323720932
4.52420687675
3.31431603432
3.01125907898
3.45788097382
3.07280182838
2.9733068943
3.44170284271
2.77539086342
2.89271211624
3.03218102455
2.94886493683
3.58456277847
3.17134904861
4.49091696739
2.9793009758
3.17181181908
4.03797888756
3.01940894127
2.91770982742
3.20148181915
3.00034999847
4.13297009468
3.75524997711
3.39587593079
3.0476770401
3.02501606941
3.22785305977
3.41697096825
3.22277593613
2.75593113899
3.11605095863
3.0448179245
4.05164909363
3.22205519676
4.79040288925
2.93019509315
2.91558694839
3.29170203209
2.87594604492
4.40357899666
4.70366191864
3.14428400993
3.08746385574
3.35832810402
3.79659080505
2.89181685448
3.04707098007
2.91646313667
3.26072001457
3.04119896889
3.28456521034
3.36871004105
3.25524306297
4.6472799778
3.23607993126
3.14484906197
3.48339009285
3.27210497856
5.50025582314
3.00951385498
2.83846306801
2.90702080727
2.97440505028
3.80175280571
3.04293990135
2.96364617348
3.13481092453
2.91394805908
3.89524793625
3.07828187943
3.06512498856
3.28895998001
3.02602696419
2.91633701324
3.44358778
2.87117004395
2.88885617256
3.03018498421
3.26948094368
3.01552700996
3.53251695633
4.13426017761
3.54561209679
3.3903400898
2.8815870285
3.29172587395
3.84811401367
3.09296011925
3.25439715385
2.88940787315
3.46361494064
4.50908398628
2.86124205589
3.04818201065
3.11133599281
3.12776398659
2.96893692017
3.58453893661
3.84341597557
3.13845396042
2.73948216438
3.68122410774
2.98859715462
4.10434699059
3.06790208817
3.36703801155
3.44227409363
3.42818188667
3.31636285782
3.20682811737
2.7696480751
2.96806693077
2.68390703201
3.16396808624
2.90868282318
3.24696111679
3.88717484474
2.89203286171
3.45946002007
2.73171305656
3.01543211937
3.02419185638
3.79401612282
2.88590216637
3.65062999725
2.83671498299
3.06082987785
2.84574818611
3.05783820152
3.72339320183
4.29793310165
2.87635803223
3.23450303078
2.99024605751
3.65570878983
3.23831605911
3.80075383186
3.52851510048
3.5485060215
3.50267910957
2.9491250515
2.96554517746
3.32929396629
3.12904405594
3.19709801674
3.35738492012
3.03824877739
2.78695511818
3.0027050972
2.72157716751
2.90047311783
3.69861507416
3.02278995514
2.94087910652
3.06595396996
3.4155960083
3.55819797516
3.09380698204
3.08773183823
3.12959384918
3.10629892349
3.77199006081
3.18146300316
3.26591801643
4.37878799438
2.81127715111
2.94111418724
3.76438808441
3.73694586754
2.97875714302
3.30863690376
3.10975599289
3.26596617699
3.17671084404
3.34539198875
3.37494015694
3.04475402832
3.07129192352
3.14597797394
3.21903800964
3.46670985222
3.23562288284
3.1188390255
3.08668112755
3.18467998505
4.20607709885
2.98384094238
2.90178799629
2.90182900429
3.03910899162
3.13558220863
2.88477683067
2.92825198174
3.23184609413
2.91424679756
4.00516104698
3.08880591393
3.05356097221
3.13227200508
3.23730993271
3.04910707474
3.28257989883
3.85994911194
4.9938659668
3.16587996483
3.10459399223
3.22549295425
3.06363296509
3.31260299683
2.87947511673
2.89181685448
3.15641903877
3.05168509483
3.13041496277
2.89846110344
3.07562708855
3.25778698921
3.32625508308
2.83327484131
2.95305514336
2.96425294876
3.02689909935
3.50743079185
2.87906193733
3.24072194099
3.30954885483
3.59045600891
3.57445406914
3.08204388618
2.96493601799
3.02214980125
2.8832859993
3.15597105026
3.26722097397
3.38920783997
2.77843284607
2.90171289444
3.85730814934
2.80213904381
3.00631093979
2.98299717903
2.75530791283
2.87173390388
3.04765605927
2.79462504387
3.69069981575
3.03108096123
2.76051092148
2.92154312134
3.04353499413
3.11911797523
3.09209895134
3.20747303963
2.93202185631
3.07229304314
2.8774831295
2.73063516617
4.1406390667
3.09535813332
3.27300596237
3.05312609673
2.83581113815
4.2217259407
2.97634601593
3.00035595894
3.01331615448
3.61562085152
3.30859398842
4.06968808174
3.75953006744
3.0875749588
2.98696804047
2.99719786644
3.17120695114
2.87511610985
3.28416800499
3.47053909302
2.99183702469
2.94266009331
2.83730888367
2.97680282593
3.74958586693
3.08013081551
3.06136894226
2.92867088318
2.89571595192
2.75409793854
2.75325989723
2.92531895638
2.96563220024
3.58913016319
3.07008004189
3.132158041
4.01028084755
6.31511187553
4.3006939888
3.38557219505
2.91863203049
2.84963107109
3.02857804298
4.49296689034
3.21550011635
2.80562090874
2.86026000977
2.92549991608
3.05233001709
2.82126498222
2.93228697777
2.99678301811
3.14387893677
3.28087902069
3.38596987724
2.92518901825
3.1440911293
3.08628797531
3.30973601341
2.8442928791
3.72233009338
2.81367993355
2.81155800819
4.27154278755
3.6691839695
2.7645380497
3.04601883888
2.89818310738
3.59382009506
4.07683300972
3.09987902641
3.23210501671
3.53923988342
3.10508298874
3.10545992851
3.20685601234
3.0474729538
3.60033297539
3.12802481651
3.2826218605
2.86516594887
3.2372610569
3.14177799225
3.1542840004
3.37710690498
3.25080490112
3.02415800095
2.87590885162
2.94656205177
2.99413013458
3.27360701561
2.70307683945
3.02513504028
3.04086780548
2.69286513329
3.47406101227
3.24258804321
5.02500200272
2.82481098175
3.72830080986
2.93948316574
3.07092118263
3.23936319351
3.09808301926
3.35718798637
2.95004701614
2.62093019485
3.45508790016
2.97601795197
2.93999385834
3.43071913719
2.8590760231
3.30897903442
3.04989695549
4.09274792671
3.20308494568
3.56556200981
3.02005600929
3.18801093102
3.60681509972
4.28512001038
3.01398992538
2.96968698502
3.0779941082
4.02322793007
2.87685108185
3.74747014046
4.74737215042
2.91521692276
3.58968281746
3.03729391098
3.15940594673
2.98618602753
3.12940883636
3.0856730938
4.25751399994
3.25543212891
3.07939291
3.02390217781
3.07334709167
4.09904003143
3.41467499733
3.57243204117
3.58231711388
2.79677295685
2.86758613586
3.07097196579
3.10265088081
3.22618699074
2.88939809799
3.18560910225
3.20235800743
4.78883099556
3.19308185577
3.7592689991
3.00446796417
3.40959382057
3.24048399925
2.98211121559
3.00001502037
3.1494820118
3.42089009285
3.81170606613
3.87118411064
2.88456511497
3.45633792877
3.21285104752
3.02636408806
4.63403391838
4.93009305
3.24918699265
3.23424291611
2.90981507301
3.39452791214
3.70615577698
3.01396989822
2.70974707603
3.14952206612
3.33627700806
2.94945883751
2.93825316429
3.05867886543
3.33128714561
3.20740103722
2.87890791893
3.10594201088
2.95437502861
2.86249303818
3.08166098595
3.03629994392
3.15983891487
2.82043194771
2.97932100296
3.81473922729
3.13929820061
3.08610296249
2.7214319706
2.96749591827
3.6676299572
3.06093811989
3.43959403038
3.05011892319
3.02800107002
2.86096811295
2.79398608208
2.77658200264
2.87781500816
3.56924414635
3.50242686272
3.11643505096
4.06709098816
2.94492602348
2.98418498039
3.15165019035
3.06395697594
3.40019392967
2.80500102043
3.57097792625
3.1273150444
3.44166398048
3.82159280777
3.51209497452
3.28671884537
3.21315383911
4.90512394905
3.22243690491
4.35672998428
3.1661939621
3.5399491787
3.16051006317
2.89747309685
4.40046215057
4.69403505325
3.8940179348
4.44831204414
4.0138771534
3.26342201233
3.17981600761
4.38168096542
4.14401912689
3.07560801506
2.95421409607
3.40315294266
3.2628428936
3.75136399269
3.12830996513
2.81118297577
3.70115303993
3.17916321754
2.92956018448
2.89459490776
3.10761904716
3.0477449894
2.99655890465
3.06720089912
3.11516284943
2.78554010391
2.82015109062
2.9129319191
3.11392807961
3.6911110878
2.94641494751
2.82010388374
4.46136307716
3.15912508965
2.69337391853
3.60731005669
3.04470086098
2.96798801422
2.86540293694
3.0017888546
3.15979719162
3.13338708878
3.84917092323
3.15510296822
2.89840197563
2.80256009102
3.21678996086
3.29013991356
3.15575504303
3.10809397697
3.08164000511
3.10481405258
3.12039709091
3.61739802361
3.20859789848
3.03904390335
2.99596500397
2.74135494232
3.53938603401
3.33396697044
2.81865596771
2.88932609558
3.04127812386
3.07331299782
2.89378595352
3.84662795067
3.2016928196
3.13296103477
3.22218394279
4.09831809998
3.10614705086
2.82278800011
3.60076498985
2.99833989143
3.36134600639
2.95288491249
2.86582589149
2.94986987114
4.10116791725
2.94310593605
3.37215781212
3.08521199226
3.19330191612
3.20402383804
3.3085808754
2.8191640377
2.96901798248
2.99676203728
2.7766520977
3.15117311478
4.07856297493
3.12806892395
3.07165884972
2.79299807549
2.9228079319
3.16916489601
3.40235996246
2.86535596848
3.13852381706
2.98778700829
2.89232182503
2.78456711769
2.89421105385
3.20339083672
3.39211511612
3.05824804306
3.53677511215
3.03947305679
2.71373701096
3.55988407135
3.08098292351
3.1342921257
2.90586090088
3.00879597664
2.62340784073
4.15412998199
3.33583402634
3.16662597656
3.08964085579
3.19887495041
3.10312986374
3.25157403946
3.35429096222
2.94564890862
3.37717103958
2.93965911865
3.01308894157
3.44703412056
2.93860220909
3.14609503746
2.88860702515
2.8959710598
3.83551907539
2.86531996727
2.89384293556
3.25131797791
3.10023379326
3.51723694801
3.13984084129
3.17923498154
3.51105499268
5.26796889305
3.02505493164
3.02399492264
4.01235198975
3.53042292595
2.86607313156
3.02462506294
3.89808416367
2.78139281273
2.96033811569
2.93799495697
3.18872594833
3.48983097076
2.8198530674
3.02971696854
4.47045707703
2.85644483566
2.88609886169
3.00744915009
2.9822769165
2.89291787148
3.02258110046
2.82154798508
3.05943799019
2.85634303093
2.6376979351
2.99248099327
3.49957799911
4.3058321476
3.01748895645
2.90213918686
4.91300010681
3.52754998207
3.51191496849
4.50347304344
3.31517791748
3.30531311035
3.62294220924
3.0398619175
2.8543908596
3.27256298065
3.1276371479
3.02201890945
3.06341195107
3.50078606606
3.42664813995
3.49079298973
3.24111294746
3.02454900742
3.99630212784
3.33179807663
2.8478770256
3.3505449295
3.14610409737
2.93047189713
3.14189791679
3.0837829113
2.95546293259
3.40611314774
3.19687008858
2.8594660759
2.94030618668
3.08283996582
2.72669506073
3.56919908524
2.82930493355
4.36872506142
2.97639489174
3.1468269825
2.96235394478
2.98602294922
2.86356115341
3.00307583809
3.61574482918
2.71854186058
3.45949697495
3.10557413101
2.97191500664
3.19477701187
2.93438816071
2.89789915085
3.41675782204
3.29796099663
3.26611399651
2.94303607941
2.85805988312
2.89564990997
3.04930520058
3.12950706482
2.79339814186
3.03150892258
3.88878798485
2.88521289825
2.7995672226
2.99463510513
2.85512685776
3.02969384193
2.97237896919
3.06945300102
2.94360995293
3.1879940033
2.87234091759
3.20752978325
2.8002820015
3.28607082367
2.85178089142
3.11069703102
2.76434588432
3.14445209503
3.10078597069
2.98413610458
2.93925380707
3.3095638752
2.95173406601
2.65788388252
3.11351299286
3.10587596893
3.19047808647
2.75678491592
3.03920102119
2.95261096954
3.93331313133
2.888682127
2.85521697998
3.19272398949
2.98530888557
2.93556690216
2.94426703453
2.86435484886
2.79768610001
2.82815599442
2.84803199768
2.86841106415
3.28575515747
3.37794995308
2.80000209808
3.73303318024
3.36064910889
2.89776206017
3.2922410965
3.46289587021
4.11558389664
3.23794698715
2.8805129528
3.66668391228
2.99159598351
3.64902901649
4.04171204567
3.07387185097
2.94871401787
3.73582792282
2.87734794617
3.07779693604
3.13910698891
3.36984705925
3.10320401192
3.79900717735
3.13606715202
2.9850871563
3.689661026
3.16813993454
2.81536984444
3.14066696167
2.83700418472
4.56799602509
3.42935991287
2.80480003357
3.30658602715
2.85344481468
2.89254283905
2.99405288696
4.0396938324
2.82920789719
2.81987714767
3.06557202339
5.46589994431
3.78259181976
3.11819314957
3.16672301292
2.99865603447
3.03936696053
3.29919815063
3.48013687134
3.15923500061
3.02616882324
3.88007593155
3.22148299217
3.36434102058
2.95233416557
2.98835086823
3.21801686287
2.9249830246
4.56849908829
2.86389112473
3.12578678131
4.05668902397
6.32841491699
3.52121400833
2.70167803764
2.89317202568
3.06583499908
3.07455992699
3.05878806114
3.02004480362
3.99388003349
3.75625920296
2.89736890793
2.80901789665
2.98132896423
3.1399948597
2.93111801147
4.03353786469
3.03100299835
3.02180099487
3.02704405785
2.93808603287
3.36240291595
2.9168112278
2.91929912567
3.15143895149
3.4275829792
3.00116610527
2.85413384438
2.86556911469
3.93664908409
2.91557693481
4.08601498604
3.22716403008
4.04690003395
3.24674081802
3.72307610512
3.34379196167
3.30503201485
3.35972309113
3.08640694618
4.18305110931
3.24536705017
3.19656085968
2.87721180916
3.05097913742
2.80307888985
3.93157696724
2.88511395454
3.47225403786
3.8096139431
3.06638097763
3.05818104744
2.78009390831
3.88967204094
3.02103805542
3.00491309166
3.05804991722
3.40284705162
3.33127498627
3.43626117706
3.26211619377
3.02819991112
2.9198319912
3.17293691635
3.0333969593
2.97523498535
2.86186599731
3.1588280201
2.77066397667
3.00415802002
3.20943284035
3.29498696327
3.73691105843
3.22620797157
2.72533607483
3.58686900139
2.8655090332
2.81205487251
4.32909393311
