0.509824991226
0.424184083939
0.430453062057
0.548727989197
0.771888971329
0.385938167572
0.371603965759
0.397629976273
0.442970991135
0.637075901031
0.454780101776
0.355324983597
0.350821971893
0.597529888153
0.326583147049
0.629242897034
1.07288312912
0.451784849167
0.714272022247
0.333717107773
0.593014001846
0.777348995209
0.844316959381
0.40903711319
0.821539163589
0.7013630867
0.449990034103
0.384099960327
0.433820009232
0.379587173462
0.347799062729
0.39937710762
0.518658161163
0.347567081451
0.9100689888
0.371361970901
0.32292509079
0.58438706398
0.637758016586
0.41582608223
0.460299015045
1.07837295532
0.462702035904
1.33922314644
0.374618053436
0.44776391983
0.371438980103
0.523629188538
0.689881086349
0.677797079086
0.3758289814
0.451021909714
0.579989910126
0.502748966217
0.351639032364
0.61795592308
0.349380016327
0.377461910248
0.384003162384
0.472930192947
0.492432117462
0.417111873627
0.493098020554
0.367311954498
0.414194107056
0.337993144989
0.397248029709
2.10302305222
0.471084117889
0.345732927322
0.575953960419
0.298221111298
0.556418180466
0.397314071655
0.439167022705
0.404044866562
0.703946113586
0.443846225739
0.435049057007
0.425288915634
0.349466085434
0.506943941116
0.620954990387
0.543022155762
0.319427967072
0.415195941925
0.428992033005
0.535191774368
0.354275941849
0.407835960388
0.364238023758
0.3999979496
0.403929948807
0.430421113968
1.07026195526
0.490537881851
1.06062507629
0.652334928513
0.392796993256
0.444480895996
0.688967943192
0.709419965744
0.471791982651
0.41218996048
0.309506893158
0.350187778473
0.474262952805
0.474738836288
1.00385189056
1.01514101028
0.512706041336
0.340631008148
0.501137018204
0.447736024857
1.42845416069
0.53338599205
0.338976144791
0.79983496666
0.505190849304
0.39621090889
0.428057193756
0.356630086899
0.390136003494
0.47092294693
0.388408899307
0.508067846298
0.347786903381
0.586614131927
0.451110124588
0.402589797974
0.459556818008
0.443666934967
0.352434158325
0.531616926193
0.403522968292
0.413501024246
0.343142986298
0.344764947891
1.33714580536
0.395593881607
0.40457701683
0.322452068329
0.370345115662
0.396274089813
0.355831861496
0.492820978165
0.34277510643
0.367964029312
0.797168016434
0.387210130692
1.10102295876
0.440996170044
0.359392881393
0.43909907341
0.415070056915
0.485188007355
0.561517953873
0.356257200241
0.408674001694
0.460530042648
0.535524129868
0.352154016495
0.665187835693
0.536566019058
0.352133989334
0.665566921234
0.3255879879
0.33753490448
0.336102962494
0.34992980957
0.350775957108
0.441082000732
0.339678049088
0.56712603569
0.383128166199
0.356585025787
0.447592020035
0.38174700737
0.396939992905
0.482725143433
0.344452857971
0.468791007996
0.418195962906
0.391783952713
0.345275878906
0.384360074997
0.824178934097
0.654556035995
0.401883125305
0.3932929039
0.367146015167
0.37103509903
0.431026935577
0.400127887726
0.453259944916
0.353034973145
0.671725988388
0.909565210342
0.454880952835
1.2314889431
0.523054838181
0.505805015564
0.346228122711
0.908771038055
0.353965044022
0.37450504303
0.346835136414
0.420303821564
0.297266960144
0.423648834229
0.845247030258
0.378398180008
0.401036024094
0.456385850906
0.381824016571
0.416851043701
0.424398183823
0.736454963684
0.41716003418
0.412884950638
0.400851964951
0.400694847107
0.558447122574
0.421595811844
0.565351963043
0.680182933807
0.38822889328
0.678348064423
0.351399898529
0.401612043381
0.335634946823
0.40575003624
0.377211093903
0.524080038071
0.373207807541
0.380690813065
1.08877420425
0.338306903839
0.923521995544
0.42240190506
0.402614831924
0.443027973175
0.545508146286
0.709685087204
0.34779214859
0.761687040329
0.347877979279
0.935501098633
0.428227186203
0.389715909958
0.428578138351
0.378508090973
0.543709039688
0.400645017624
0.408697128296
0.382849931717
0.836430072784
0.45769405365
0.419472932816
0.407947063446
0.643368005753
0.378271102905
0.361899137497
0.362073898315
0.653874874115
0.850593090057
0.382658004761
0.675302028656
0.364737987518
0.442536830902
0.3175740242
0.451422929764
0.413755893707
0.488631010056
0.3824198246
1.5801050663
0.479552030563
0.331781864166
0.707148075104
0.341467857361
0.428626060486
0.50515794754
0.627369880676
0.458065032959
0.553872108459
0.442035913467
0.411425113678
0.438241958618
0.442412137985
0.637660980225
0.36256480217
0.390332937241
0.351467847824
0.442305803299
0.421517848969
0.459278106689
0.708912849426
0.319086074829
0.339779138565
1.23309803009
0.764185905457
0.438534021378
0.902817964554
0.344546079636
0.645425081253
0.421633958817
0.434720993042
0.396164178848
0.318313837051
0.432841777802
0.466541051865
0.438229084015
0.568660020828
0.396847963333
0.86900305748
0.76541519165
0.406768083572
0.449398994446
0.42565703392
0.417956829071
0.777626991272
0.563162088394
0.394083023071
0.315052986145
0.619361162186
0.368777990341
0.389611959457
0.485973834991
0.336301088333
0.695878982544
1.03733801842
0.355706930161
0.34094285965
0.362185955048
0.40950512886
0.425637960434
0.550669908524
0.703018903732
0.415418148041
0.434952020645
0.405986070633
0.360373973846
0.480931997299
0.664398908615
0.458227872849
0.426727056503
0.509281873703
0.391965866089
0.554334878922
0.725862026215
1.07495689392
0.551532030106
0.33549618721
0.576457023621
0.563094139099
0.441429138184
0.452211856842
0.369781017303
0.884901046753
0.450400829315
0.703051805496
0.464317798615
0.368246793747
0.4821600914
0.347810029984
0.49436712265
0.49750995636
0.484959125519
1.39046907425
0.364507913589
0.347772121429
0.565454006195
0.453563928604
0.470786094666
0.305461883545
0.576971054077
0.767606973648
0.439021110535
0.642882108688
0.9263651371
0.934965848923
0.854844093323
0.496065855026
0.353991985321
0.61952495575
0.412425994873
0.513761997223
0.389236927032
0.542433977127
0.381841897964
0.598566055298
0.365816116333
0.38954615593
0.396504163742
0.393221855164
0.679981946945
0.38139796257
0.491526842117
0.785765171051
1.65691208839
0.824826955795
0.32343006134
0.405385971069
0.623368024826
0.635689973831
0.435073852539
0.350525140762
0.38773393631
0.307542085648
0.432672977448
0.402598142624
0.570649862289
0.801875829697
0.683161020279
0.747826099396
0.441340208054
0.700397014618
0.338829994202
0.382573127747
0.319314002991
0.387213945389
0.34672999382
0.413893938065
0.343649148941
0.395195007324
0.402981996536
0.339059829712
0.345794916153
0.385174036026
0.597052812576
0.338657855988
0.397454023361
0.316040039062
0.36493396759
3.42955207825
0.36066198349
0.545693874359
0.385684013367
0.357391119003
0.342108011246
0.81253695488
0.354739189148
0.390470027924
0.314636945724
0.538123130798
0.288372039795
0.396113157272
0.377614021301
0.436802864075
0.360283136368
0.581881999969
0.487237930298
0.492654085159
0.374654054642
0.371649980545
0.409088134766
0.363086938858
0.667062044144
0.51392698288
0.491755008698
0.544097900391
0.348667144775
0.429553031921
0.605492830276
0.334252119064
0.651870012283
0.386434078217
0.402580976486
1.05353307724
0.505656957626
0.352778911591
0.538199186325
0.386137962341
0.432084083557
0.310996055603
0.539767026901
0.517761945724
0.922518014908
0.331578969955
0.589939832687
0.316132068634
0.397872924805
0.389065027237
0.378692150116
0.378775119781
0.647150039673
0.835165977478
0.428050994873
0.340795040131
0.532538890839
0.533433914185
0.404056072235
0.34796500206
0.934149980545
0.392494916916
0.45120716095
0.331894159317
0.300818920135
0.311468839645
0.555772066116
0.408396959305
0.432410001755
0.394138097763
0.468731880188
0.523376941681
0.751772880554
0.688218832016
0.400629997253
0.650814056396
0.515100955963
0.490967988968
0.412828922272
0.434378862381
0.596605062485
0.707994937897
0.361554861069
0.414920091629
0.515063047409
0.398350000381
0.353524923325
0.634243011475
0.372661828995
0.341380119324
0.53314614296
2.07917094231
0.437572002411
0.358774900436
0.692414045334
0.37707901001
1.44585609436
0.394593000412
0.548600196838
0.368706941605
0.341938018799
0.370053052902
0.354010105133
0.399492025375
0.356760025024
0.457857847214
0.395901918411
0.419203996658
0.356106042862
0.393347978592
0.30095911026
0.348850011826
0.41872215271
0.68580198288
0.339245080948
0.314110040665
0.362240076065
0.832603931427
0.397400140762
0.362039089203
0.375286102295
0.463057041168
0.653918027878
0.398095846176
0.905633926392
1.05758905411
0.359325170517
0.354611873627
1.09959387779
0.4186668396
0.532551050186
0.797754049301
0.352936983109
0.579138994217
0.505686998367
0.356330871582
0.366724014282
0.589735031128
0.404844999313
0.365348100662
0.335141897202
0.536069154739
1.1104619503
0.409969091415
0.44238781929
0.463964939117
0.373613119125
0.395337104797
0.447170972824
0.391571044922
0.74497795105
0.346574068069
0.481648921967
0.636762857437
0.461661100388
0.318873167038
0.339910984039
0.364839076996
0.415974140167
0.375382184982
0.47336101532
0.334784030914
0.404719114304
0.357738018036
0.488309860229
0.39043712616
0.38710308075
0.4032330513
0.429808855057
0.386938095093
0.470283031464
0.563159942627
0.3605260849
0.434017896652
0.951153039932
0.367655038834
0.53243803978
0.528221845627
1.21155405045
0.398581027985
0.398982048035
0.365040063858
0.551703929901
0.668007850647
0.653251171112
0.678735971451
0.793229818344
0.354272842407
0.374715089798
0.398853063583
0.392707824707
0.933609008789
0.318156003952
0.340039968491
0.361942052841
1.02270507812
0.795964002609
0.431716918945
0.371040821075
0.371033191681
0.405390024185
1.48848700523
0.463433980942
0.392587900162
0.918148040771
0.371250867844
0.341156959534
0.752787828445
0.339895963669
0.359743118286
0.324051141739
0.503916978836
0.378610134125
0.497148990631
0.367769956589
0.482959985733
0.520035028458
0.368505954742
0.847432136536
0.348318099976
0.640822172165
0.345002889633
0.405453920364
0.512628078461
0.348394870758
0.33689904213
0.422193050385
0.394857883453
0.538089990616
0.400783061981
0.351239919662
0.360847949982
0.413438081741
0.369372844696
0.679283857346
0.437029123306
0.400155067444
0.375773191452
0.495079040527
0.369862794876
1.20872211456
0.333487987518
0.663246154785
0.390486001968
0.367618083954
0.533191919327
0.339582920074
0.342063188553
0.428246021271
1.46507811546
0.496069908142
0.352431058884
0.438977003098
0.351269960403
0.439610958099
0.431419849396
0.404484987259
0.644146203995
0.638188123703
0.424976110458
1.06493782997
0.528068065643
0.385156869888
0.450387954712
0.391443014145
0.33357000351
1.10429906845
0.419903039932
0.664159059525
0.380033016205
0.617006063461
0.34935593605
1.04764413834
0.690569877625
0.725990056992
0.446989059448
0.366756916046
0.780611991882
0.380208969116
0.440150976181
0.389628887177
0.371728897095
0.538934230804
0.320172071457
0.413633823395
0.363472938538
0.618447065353
0.355385065079
0.455538988113
0.390171051025
0.462864160538
0.328086137772
0.517826795578
0.376034021378
0.411911010742
0.359488964081
0.380836009979
0.464430093765
0.536815166473
0.757459163666
0.385981082916
0.444878816605
0.475188970566
0.670284986496
0.469767808914
0.797695875168
0.481399059296
0.414021968842
0.323101997375
0.438174009323
0.430160999298
1.08529400826
0.524889945984
0.381175041199
0.390773057938
1.65306615829
0.412966966629
0.544200181961
0.556028842926
0.453392982483
0.531224966049
0.366680860519
0.566698074341
0.343935966492
0.448271989822
0.393682003021
0.375367164612
0.333738088608
0.385266065598
0.394715070724
0.372808218002
0.429519891739
0.40270113945
0.39706993103
0.352402925491
0.380434036255
0.397770166397
0.829091072083
0.454535007477
0.406427145004
0.536109924316
0.324352025986
0.34113907814
2.31080293655
0.40579199791
0.639551877975
0.394558906555
0.382403850555
0.383869171143
0.33625292778
1.11421012878
0.337718009949
0.595072984695
0.612106084824
1.92551589012
0.359101057053
0.456964015961
0.356207132339
0.350511074066
0.374699115753
0.322160005569
0.647803068161
0.378522157669
0.505264997482
0.312771081924
0.312623023987
2.09503507614
0.443176984787
0.465812921524
0.437582015991
0.606233119965
0.550045013428
0.459496974945
0.41312289238
0.672310113907
0.600250959396
0.4124751091
0.46334195137
0.899673938751
0.920418977737
0.301303863525
0.679761886597
0.793820858002
0.402020931244
0.371881008148
0.408602952957
0.720500946045
0.55663895607
0.331470012665
0.361243009567
0.368452072144
0.395960092545
0.321776151657
0.354668855667
0.458601951599
0.41156411171
0.414085149765
1.54794478416
0.37624502182
0.351493120193
0.426046848297
0.515385866165
0.419460058212
0.683459043503
0.409140110016
0.453566789627
0.994786977768
0.35521197319
0.399266958237
0.403886079788
0.726094961166
0.4771900177
0.58952999115
1.04401707649
0.523146867752
0.465864896774
0.60303902626
0.60548210144
0.689472913742
0.362051010132
0.44667506218
0.475481033325
0.677034854889
0.368102073669
0.387412071228
0.683964014053
0.576912164688
0.516499042511
0.958173036575
0.396095991135
0.614185094833
0.326011896133
0.422070026398
0.51473402977
0.341418981552
0.377022981644
0.53483915329
0.324359178543
0.351795911789
0.512498140335
0.379029035568
0.924273967743
0.683184146881
0.508650064468
0.414541959763
0.378688097
0.501661062241
0.774314880371
0.400620937347
0.812026977539
0.30942606926
0.371152877808
1.04311299324
0.431093931198
0.485898971558
0.426523923874
0.395197868347
0.468811988831
0.392747879028
0.336189985275
0.380552053452
0.328860998154
0.340005159378
0.401781082153
0.336875915527
0.469848871231
0.423701047897
0.626019001007
0.393167972565
0.438196897507
0.361407995224
0.372609138489
0.744477987289
0.580981969833
0.728184938431
0.380026102066
0.3863260746
0.381128072739
1.24263501167
0.350908041
0.328492879868
0.677546024323
0.335978031158
0.793545007706
0.693526983261
0.377907991409
0.958148956299
0.406943798065
0.355584144592
0.386656999588
0.478702068329
0.343286037445
0.753427028656
0.362212896347
0.359664201736
0.381274223328
0.57998585701
0.39673781395
0.351726055145
0.417759895325
1.11219882965
0.407383918762
0.67193198204
0.561389923096
0.524762868881
0.336579084396
0.45987701416
0.392402887344
0.515336990356
0.364290952682
0.355131864548
0.430949211121
0.424642086029
1.33710813522
0.371376037598
0.434424877167
0.324326992035
0.448302984238
0.503702878952
0.377147912979
0.41697883606
0.503505945206
0.721968173981
0.80067896843
0.457126140594
0.388455867767
0.408135890961
1.52106308937
0.377357006073
0.45498085022
0.397753953934
0.445907115936
0.464757919312
0.360822916031
0.43977689743
0.453088998795
0.402194023132
0.416079044342
0.332885026932
0.358911991119
0.298522949219
0.467794179916
0.842628002167
0.620615959167
0.531284093857
0.488492012024
0.73285484314
0.622384786606
0.412691116333
0.464845895767
0.390055894852
0.424911975861
0.358901023865
0.484309911728
0.477880001068
0.441365003586
0.344751119614
0.317674875259
0.455724000931
0.358081102371
0.384318113327
0.332507133484
0.906451940536
0.704833030701
0.881171941757
0.308027982712
0.446507930756
0.609127998352
0.636657953262
0.351285934448
0.405719041824
0.518110990524
0.366645097733
0.457678079605
0.678388118744
0.425830841064
0.365611076355
0.308648109436
0.460282087326
0.369764089584
0.37078499794
0.37876200676
0.351417064667
0.532715797424
0.515677928925
0.375063896179
0.52330994606
0.490671873093
0.715321063995
0.850854873657
0.64252281189
0.514529943466
0.365428924561
0.669673919678
0.372323036194
0.537304878235
0.388426065445
0.397269010544
0.419017791748
0.384921073914
0.767142057419
0.389875888824
1.03163599968
0.820405960083
0.414241075516
0.38254404068
0.510313987732
0.395083904266
0.351747989655
0.367289066315
0.339634180069
0.400490999222
0.722532987595
0.494688034058
0.587398052216
0.752111911774
0.608981132507
0.324442148209
0.373486995697
0.494080066681
0.346529006958
0.420424938202
0.368046045303
0.646424055099
0.514537096024
0.345752954483
0.50342798233
0.596351861954
0.557953119278
0.43826007843
0.531908988953
0.592662096024
0.354331016541
0.396232128143
0.350685119629
1.06956982613
0.592092990875
0.516664028168
0.453314065933
0.377259969711
0.499078035355
0.63463807106
0.458607912064
0.334390878677
1.39886903763
0.407927036285
0.381530046463
0.802071094513
0.415504932404
0.42639708519
0.383826971054
0.390034198761
0.638381958008
0.324946165085
0.516076087952
0.424738883972
0.356294870377
0.545185089111
0.354295969009
0.359659194946
0.321660995483
0.382563114166
0.406915903091
0.378906965256
0.382652997971
0.658618927002
0.579740047455
0.750185012817
0.329653978348
0.623852014542
0.359338998795
0.344575166702
0.618048191071
0.400535821915
0.386223077774
0.569252967834
0.343261003494
0.373651981354
0.752691030502
0.387341976166
0.92178106308
0.602186918259
0.41209602356
0.868035793304
0.88506102562
0.769248008728
0.402172088623
0.357776880264
0.354444026947
0.501686096191
0.388410806656
0.369746923447
0.34578204155
0.382925987244
0.439368963242
0.598316907883
0.388924121857
0.431688785553
0.316921949387
0.362897157669
0.360574960709
0.402208089828
0.330801963806
0.360506057739
0.351490974426
0.654031038284
0.512713909149
0.383269071579
0.458829879761
0.368967056274
0.398475885391
0.4074010849
1.3496568203
0.693599939346
0.342367887497
0.371074199677
0.393095016479
0.639251947403
0.685135126114
0.893352031708
0.413581132889
0.388318777084
0.744178056717
0.430417060852
1.20079517365
0.375545978546
0.332827806473
0.348882913589
0.373022079468
0.76016497612
0.427750825882
0.474753856659
0.77383518219
0.895126104355
0.327757835388
0.520333051682
0.46456193924
0.617928028107
0.414544820786
0.40687584877
1.1010248661
0.360867023468
0.719643115997
0.496920108795
0.758392095566
0.358647108078
0.480321884155
0.397177934647
0.355219841003
0.566973924637
0.62352514267
0.538796901703
0.462682008743
0.347290992737
0.591446876526
0.415475130081
0.554692029953
0.459583997726
0.417198181152
0.388169050217
0.356146812439
0.644725084305
0.341171979904
0.786926031113
0.368413925171
0.375159025192
0.374513149261
0.492252111435
0.612694978714
0.465082168579
0.354838132858
0.386093139648
0.42692399025
0.515027046204
0.394161939621
0.386017084122
1.14342880249
0.372172117233
0.326807975769
1.33633589745
0.471880912781
0.561655044556
0.765845060349
0.379549980164
0.441405057907
0.59543800354
0.385196208954
0.359079122543
0.384300947189
0.404332876205
0.421761989594
0.360849142075
2.34643316269
0.791564941406
0.373914957047
1.17948007584
0.705374956131
0.779597997665
0.469838857651
0.636341094971
0.353304862976
0.424630880356
0.381337165833
0.407709121704
0.441311836243
0.540062904358
0.68846988678
0.810532093048
0.429527044296
0.576971054077
0.419913053513
0.558665990829
0.381690979004
0.39598107338
0.523099899292
0.617949962616
0.341580867767
0.719457864761
0.57555103302
0.333952903748
0.455886125565
0.714887857437
0.375986099243
0.574059963226
0.298779964447
0.552150011063
0.375222921371
0.606555938721
0.505530118942
0.382978916168
0.352944850922
0.340594053268
0.339421033859
0.35483288765
0.331378936768
0.431655883789
0.328444957733
0.438881874084
0.360181093216
0.637423992157
0.443698883057
0.895841836929
0.371253967285
0.418335914612
0.464408874512
0.698805093765
0.370734930038
0.373420000076
0.847226142883
0.398860931396
0.475440979004
0.394304037094
0.35592007637
0.409106016159
0.531883955002
0.35009098053
0.377010822296
0.38699388504
0.44598698616
0.364221811295
0.405030965805
0.535800933838
0.43199300766
0.836462020874
0.379148006439
0.614310026169
0.368058919907
0.312178850174
0.399388074875
0.438315153122
0.422194004059
0.721349000931
0.356550216675
0.425252914429
0.381277084351
0.962146043777
0.463892936707
1.32321596146
0.387449026108
0.324023008347
0.643753051758
0.405319929123
0.33801317215
0.530555963516
0.479640960693
0.422708034515
0.470752000809
0.707385063171
1.247205019
0.56183385849
0.372946977615
0.350572824478
0.347664117813
0.615335941315
0.458614110947
0.343158960342
0.337285995483
0.547194957733
0.436362981796
0.570110082626
0.399217844009
0.50391292572
0.392489910126
0.377662181854
0.450992822647
1.20535612106
0.500971794128
0.574893951416
0.606004953384
1.70203089714
