0.514607191086
0.263389110565
1.66416716576
1.22032094002
0.0586848258972
1.10594820976
0.461192846298
1.75091481209
2.37275695801
0.578737974167
0.19425702095
0.316920042038
0.122959852219
0.123964071274
0.0574910640717
0.635462999344
0.430260181427
0.118753910065
1.34554600716
0.0503401756287
0.000290155410767
0.235081911087
2.16702795029
0.424379110336
0.991312980652
0.639937162399
0.845679044724
0.591664791107
0.0718131065369
0.31161403656
1.56179118156
0.0352787971497
0.265316963196
0.167479038239
0.0709478855133
0.144937038422
1.00534009933
1.10810709
0.519722938538
0.194087982178
0.617072105408
0.285156965256
0.12322306633
0.7278881073
0.474592924118
0.230849981308
1.38469409943
0.433470010757
1.54216313362
0.0129840373993
0.128844022751
2.16669106483
0.482029914856
0.150835037231
1.18881201744
1.19235897064
0.153707027435
0.981538057327
0.98912191391
0.0532650947571
1.52425718307
0.204272985458
0.234525918961
0.304488897324
0.151479005814
0.311860084534
0.0456111431122
1.00804305077
0.904670000076
0.100183963776
0.885908126831
0.166775226593
0.148106098175
0.12477016449
0.211179018021
0.354630947113
0.239983081818
0.914799928665
0.414155960083
0.27837395668
0.329883098602
0.288792848587
0.0120759010315
0.223489999771
1.37997817993
1.88732481003
0.0857231616974
0.297610998154
0.112812042236
0.0216579437256
1.32352519035
0.411091089249
0.000282049179077
0.292090892792
0.0360760688782
0.151177883148
0.122705936432
0.126646995544
1.69139409065
0.247760057449
0.542104959488
0.26543211937
0.27959394455
0.265624046326
0.304495096207
0.367136955261
0.678297996521
0.550656080246
0.420151948929
0.326138019562
0.27813911438
0.510765075684
0.173562049866
1.49558091164
0.115437030792
2.03711795807
1.26735806465
0.626546144485
0.153902053833
0.250053882599
0.134317159653
2.00366306305
1.63154292107
0.109133958817
2.25603199005
0.297648906708
1.24787807465
0.228204011917
0.421127796173
0.0596520900726
1.08402490616
0.513610124588
0.233886957169
2.27488183975
0.507128953934
0.916598081589
1.46637201309
0.879754066467
1.06749296188
0.0713169574738
0.108986139297
0.611401081085
0.368072032928
0.443704843521
0.27542591095
1.51198792458
0.290955066681
1.2077088356
0.698323011398
0.405366897583
0.137944936752
1.51358413696
0.127529144287
0.0561549663544
0.172410011292
0.556128025055
0.0242118835449
0.223793029785
0.000282049179077
0.781736850739
0.260807991028
0.584764957428
0.0506818294525
0.00545215606689
0.292812824249
0.621031999588
0.288558959961
0.0366199016571
0.858381986618
0.0695760250092
0.383359909058
0.900959968567
0.0590269565582
1.21730303764
1.16079902649
0.125105857849
0.245512008667
0.689008951187
0.328183889389
1.34222197533
0.393408060074
0.360038042068
0.1955909729
0.703630924225
0.792042970657
0.39718079567
0.408173084259
0.583662033081
1.86823320389
0.210200071335
0.596450090408
0.919263839722
0.488747119904
0.813858985901
0.0620851516724
0.80567407608
1.57204198837
0.317735910416
0.433962106705
0.565248012543
1.3133058548
0.181609869003
0.254280090332
1.10206198692
0.472872018814
0.248322963715
0.665684938431
0.284750938416
0.215646982193
0.0862710475922
0.12923002243
0.133059024811
0.543924093246
0.217958211899
0.0995109081268
0.461039066315
1.44112706184
0.573138952255
0.126449108124
0.516757965088
0.582580089569
0.314455986023
0.277909994125
0.221150159836
0.0360491275787
0.669482946396
0.200927972794
0.0191271305084
0.0955839157104
1.64782094955
0.364959001541
0.246779918671
0.395997047424
1.35038495064
1.13969421387
0.316961050034
0.640486955643
0.617238998413
0.575754880905
0.208964824677
0.0807430744171
1.0365960598
0.781290054321
0.0849440097809
0.981091022491
0.0272529125214
0.157298803329
1.32315683365
0.675528049469
1.32359790802
0.275007009506
0.0308909416199
1.20052909851
0.159937143326
0.0757420063019
0.214926958084
0.905694961548
1.03759717941
0.0521609783173
0.634181022644
1.14566707611
0.700299024582
0.0855579376221
0.0649361610413
0.137423038483
0.184282779694
0.159322977066
0.301089048386
0.95564699173
0.0504348278046
0.0961248874664
0.186106920242
0.399166107178
0.000730037689209
0.648055076599
1.87994289398
0.520514965057
0.187006950378
0.136668920517
0.500384092331
1.44547605515
0.0130960941315
0.0467669963837
1.31072187424
0.2110850811
1.32620000839
0.0705389976501
0.623782873154
0.272425174713
0.509037971497
0.588005065918
0.666203022003
0.236660957336
1.69252109528
0.609264135361
0.440433979034
0.180303096771
0.0682799816132
1.11449408531
0.230865955353
0.267791986465
0.4886469841
0.401286840439
1.71598100662
0.403195142746
0.0258378982544
1.03277111053
1.01144599915
0.550977945328
0.166034221649
0.595560789108
0.0917851924896
1.83951997757
1.16459989548
1.55749201775
0.314226150513
0.150281906128
1.87564992905
0.420490980148
0.732515096664
1.36179900169
0.597078084946
0.25887799263
0.0647139549255
1.12522387505
0.141213178635
0.372849941254
0.509920120239
0.181860923767
0.681125164032
0.348293066025
0.0575590133667
0.132659912109
0.162784099579
0.449677944183
0.137823104858
0.160346984863
0.149001836777
0.59730887413
0.69319319725
0.764704942703
0.380569934845
0.12989115715
0.32281088829
2.99380588531
0.105929136276
0.160741090775
0.00559902191162
0.314051151276
0.0548939704895
1.39213681221
1.11813902855
0.850781202316
0.156078100204
0.276787996292
0.152162075043
0.467412948608
0.259224176407
1.11155700684
2.12899899483
0.0856928825378
0.0948870182037
0.188123941422
0.000714063644409
0.315181016922
2.00064015388
0.00803995132446
0.99965596199
0.0219881534576
0.226136922836
0.064710855484
0.0915279388428
0.221876859665
1.63931393623
0.538050174713
0.273699998856
0.165105819702
0.118022918701
0.350183963776
1.53802204132
0.431015014648
0.571225881577
1.01583909988
1.55811786652
0.211416006088
0.69538807869
0.13921713829
0.356148958206
0.517706871033
1.29925107956
0.320626020432
0.122140169144
0.467615127563
0.304749011993
0.13680100441
0.111842870712
0.252405166626
1.47780299187
0.823225021362
0.478713035583
1.12202906609
0.0606188774109
0.149136066437
0.719574928284
0.709830999374
0.143095016479
0.0609130859375
1.43901395798
0.682033061981
0.132056951523
0.245630025864
0.144957065582
0.252825021744
0.743903875351
0.48403096199
0.559604883194
0.255935907364
1.75634503365
0.0668950080872
0.0290789604187
0.900084018707
1.11999106407
0.142238140106
0.134016990662
0.146286010742
1.41547894478
0.257494926453
0.0544090270996
0.344393968582
0.520950078964
0.0956180095673
0.122471094131
0.426856994629
2.37452507019
0.0304229259491
0.258489131927
0.195327043533
0.490146875381
0.129779100418
0.0283348560333
0.244435071945
1.78842592239
0.0979650020599
0.458876848221
0.269964933395
0.263595819473
0.0502870082855
0.024964094162
0.39160990715
0.14010310173
0.399006128311
0.186062097549
0.752835988998
0.517359972
1.51997709274
1.07346892357
0.258921861649
0.255975961685
0.471118927002
0.284342050552
0.805742025375
0.745434045792
0.030730009079
2.01483988762
0.0473830699921
1.40668702126
2.46819114685
0.00557208061218
0.128632068634
0.524120092392
0.577708005905
0.649510145187
0.0712940692902
0.0186412334442
1.47691917419
0.0246999263763
1.47119522095
0.647315979004
2.36418700218
1.74671602249
0.840873003006
0.421409845352
0.0647029876709
0.0716819763184
1.78796696663
0.362978935242
0.457856178284
0.466509103775
0.945624113083
0.672482013702
0.407188892365
0.427528142929
0.745786905289
0.106668949127
0.875039100647
0.265392065048
0.800386190414
0.319941043854
0.0645949840546
0.0127351284027
0.0393040180206
0.207228899002
0.0330429077148
0.280165910721
0.216439962387
0.364182949066
0.134110927582
0.0753719806671
1.09036898613
0.417333126068
0.205996990204
0.164458990097
0.0879039764404
0.0255908966064
2.17391610146
1.33308386803
0.480088949203
1.36536407471
0.557245969772
0.0247058868408
0.0892798900604
0.449933052063
1.35331320763
0.431910991669
0.928680181503
1.03139209747
0.175789117813
0.190347194672
0.564234018326
0.277456045151
0.235929012299
0.999810934067
0.608340978622
0.518722057343
0.160831928253
0.0457990169525
0.147496938705
0.377668857574
0.624971866608
0.540178060532
0.155711174011
0.186102151871
0.153393030167
1.86245989799
0.59880900383
0.112244129181
1.90995693207
0.0942530632019
0.0689949989319
0.525786876678
0.237308979034
1.8821439743
0.0388648509979
0.259937047958
0.78683590889
0.0448658466339
0.15437912941
0.140645980835
0.20135307312
0.00018310546875
0.725013971329
0.288887023926
0.277528047562
0.0226829051971
0.207942008972
0.120203018188
0.509525060654
0.954414844513
0.0346040725708
1.0819029808
0.347229957581
0.310659885406
0.177346944809
0.662845134735
1.03317904472
0.284602880478
0.988456010818
1.28248000145
1.31030392647
0.24903512001
1.44240689278
0.0121629238129
0.0758631229401
0.184368848801
0.363429069519
1.25350499153
0.0948162078857
0.0555808544159
1.33339095116
1.75015187263
1.19502592087
0.365898132324
0.105741977692
0.00913095474243
0.504885196686
0.144935131073
0.115598201752
0.024747133255
0.37420797348
1.4282579422
0.989202022552
0.450851917267
2.36660504341
1.00401592255
0.334788799286
1.60934495926
0.337025165558
0.458979845047
0.202967882156
0.553843975067
0.593480825424
0.0271940231323
0.162132978439
1.18873095512
0.164925098419
0.0246880054474
0.0805218219757
0.0549209117889
0.000202178955078
0.132795095444
2.05613493919
2.99970912933
0.136867046356
0.542749881744
0.146333932877
0.00931000709534
0.532115936279
1.3190279007
0.378505945206
0.512481927872
0.456753969193
0.459398031235
4.40715003014
0.134010076523
0.1800801754
1.01784801483
0.373120069504
0.1216609478
0.545311927795
0.308650016785
1.17392992973
0.150321006775
0.28743314743
0.539243936539
4.18734502792
0.334989786148
0.11461186409
1.05175709724
0.123173952103
0.0990290641785
1.55724096298
2.04572582245
0.935846090317
0.187410116196
0.0653810501099
0.016637802124
0.345853805542
0.384769916534
0.0343821048737
0.519083023071
0.101984977722
0.309392929077
0.662558078766
0.256996154785
0.15527510643
0.776017904282
1.47203302383
0.715398073196
0.154203891754
0.578594207764
1.50387001038
0.49374294281
0.119765043259
2.33425402641
0.489957809448
0.0122270584106
0.62264919281
0.19834280014
0.254875898361
0.166634082794
0.291719913483
0.356642007828
0.0585927963257
0.18660402298
0.211441993713
0.0868618488312
0.437129020691
1.4973950386
0.223150014877
0.523590087891
0.169013977051
1.68406295776
1.39360809326
1.89206814766
0.346890926361
0.106344938278
0.639003992081
0.710420846939
1.491492033
0.0340809822083
0.0641980171204
0.116436004639
0.190220832825
2.31663107872
0.318429946899
0.0539681911469
1.0550057888
2.6030960083
1.76483011246
0.468652009964
1.68926596642
0.401798009872
0.848061084747
0.274032831192
0.282869100571
0.384729146957
1.22262191772
0.943670034409
0.367579221725
1.03084492683
0.103133201599
1.09945106506
1.77016997337
0.281486988068
0.0653018951416
0.0281579494476
0.233705997467
1.49068808556
1.23241996765
0.320983171463
0.00522494316101
0.113059997559
0.06223487854
1.72709012032
0.198380947113
0.318810939789
0.260175943375
0.0597770214081
0.319603919983
0.0664970874786
0.294011831284
0.519253015518
1.12575101852
2.01630401611
1.27381801605
0.0795438289642
0.562021970749
0.504855155945
0.0750889778137
0.296777963638
0.251873970032
0.204348087311
0.0343918800354
0.466051101685
2.20750999451
0.720211029053
0.677925109863
0.191725969315
0.000304937362671
0.255358934402
0.382710933685
0.330598115921
0.845464944839
1.21678304672
0.144335985184
0.0930030345917
1.43553709984
0.389573097229
1.68808412552
1.73283886909
1.09282112122
0.671115159988
0.400516986847
0.602995872498
0.414760828018
0.517289161682
0.441627979279
0.267333030701
0.100503921509
1.15004992485
0.924999952316
0.157585144043
1.14761090279
0.55367898941
0.350144147873
0.503772974014
0.201154947281
0.411846876144
0.653628110886
2.14791488647
0.00867700576782
0.762597084045
1.27744102478
0.105648040771
0.465257167816
0.100021839142
1.27122497559
0.314718008041
1.05077600479
0.911628007889
0.513562917709
2.19678711891
0.0246748924255
0.572000980377
0.623080015182
0.212553024292
0.262470006943
0.510493993759
0.154777050018
0.161988019943
0.301625013351
2.73906803131
0.571385860443
0.872107982635
1.53076791763
0.114655017853
1.19244003296
1.09022092819
0.0814561843872
1.57055401802
1.68034100533
0.296066999435
0.691629886627
0.114636898041
0.0228099822998
0.359703063965
0.687515974045
0.165563821793
0.124068021774
0.358101129532
1.27166104317
0.0690457820892
0.452504873276
1.36219000816
0.408044099808
0.473176002502
0.406471014023
0.421967029572
0.518926143646
2.22598695755
0.112464189529
0.426346063614
0.854023933411
0.0238449573517
0.0556600093842
0.939030885696
0.05552983284
0.506763219833
1.32878303528
0.241232872009
0.129926919937
0.113503932953
0.153053998947
0.11111998558
0.23620390892
0.448735952377
1.45382404327
0.0179932117462
0.80911397934
0.32378911972
0.31960606575
0.0339138507843
0.0699279308319
0.985826015472
1.13915705681
0.22016119957
0.0534842014313
1.1270301342
0.23518705368
0.1620221138
