472.899115801
42.0360431671
290.622915983
1319.08268499
384.768620014
1834.26100898
980.312147856
1082.22740507
1781.92409396
844.044525862
1375.73464704
203.408492088
642.939635038
1983.55691695
185.507173061
302.486356974
1437.83672309
878.218147039
504.253049135
2181.93578386
256.058461905
2072.97419691
400.158030987
960.754310846
1248.77326608
2779.56512499
1055.87364793
4768.77263808
450.605052948
91.2806529999
1140.58205914
853.56273818
781.736949921
1584.49552393
1521.00083208
1712.58018994
208.546921968
2118.72965717
652.716747999
230.898473978
96.7186160088
1506.95068288
579.73282218
131.902011156
322.058881998
821.949918985
3316.54692197
48.2895009518
648.731189013
2336.44659901
1454.8604691
217.822767019
866.901692152
605.230576038
700.392551899
554.872364044
237.242906809
322.160458088
248.32842803
349.4539361
1891.34676099
857.367959023
97.2678780556
139.078113079
1146.23476386
236.118190765
4652.3371501
258.227359056
2464.916857
2182.92576885
108.545552015
399.252202988
302.037864208
1103.94272709
1326.53892207
1045.61217189
647.76261282
6464.31643701
232.976398945
96.157916069
312.469465017
