3.9448621273
37.8901450634
9.38578295708
4.05564713478
1.56949901581
1.98517012596
1.58710408211
9.46553397179
6.14959001541
13.6484811306
4.44877910614
26.8655190468
16.3570709229
3.72419214249
2.7353181839
13.3602409363
12.0235629082
1.71981406212
17.3216919899
25.0776500702
19.0990431309
7.03499794006
1.62622189522
8.23410820961
23.0634968281
28.9718449116
32.1748080254
20.7722759247
1.70987796783
4.10319685936
2.21581816673
1.67926311493
20.5564260483
10.481210947
13.0353908539
7.18229794502
1.62725806236
26.8688259125
1.5471060276
7.38940882683
21.6375870705
29.2669610977
28.9052360058
7.61366009712
16.0641379356
7.4680519104
7.31941699982
5.74322414398
4.08434700966
1.73056697845
35.8107979298
21.0945138931
2.40079903603
30.6405770779
1.6470618248
2.133715868
1.73469805717
10.5413639545
5.4205429554
6.74880599976
4.9844121933
1.87400698662
10.8233661652
6.20111393929
7.63007593155
25.8510000706
12.9073741436
11.4129738808
4.81900382042
18.6449661255
45.6802191734
3.83671593666
1.85534501076
1.64894795418
1.66880893707
1.72112107277
33.1019911766
5.20703220367
1.53255796432
17.6552920341
7.59999108315
5.0037560463
1.58489990234
5.50741291046
1.85390686989
7.63175106049
5.79080700874
13.8156580925
26.2275109291
8.46240615845
1.71869397163
6.53037691116
2.03928995132
3.23911190033
82.600620985
31.0543260574
2.96040701866
25.808052063
1.65778779984
17.2603821754
1.63053488731
84.3199319839
4.57358407974
8.39250802994
15.7005479336
1.66707611084
2.27864599228
27.7287940979
1.85693597794
1.99364089966
1.86474990845
25.3932650089
6.82712697983
27.6305088997
1.96738696098
1.52139902115
4.56508588791
1.86134505272
23.1561579704
45.5914058685
17.440967083
11.2509641647
1.79961585999
3.38416194916
8.39053082466
4.82054901123
1.65630793571
1.78696012497
14.4061758518
2.36927700043
4.55177307129
43.0475311279
1.81780791283
1.94272589684
1.5273039341
6.01542592049
1.51443600655
14.6016139984
14.3875069618
1.61777710915
4.6122610569
1.73666810989
63.6053130627
24.3896670341
13.1526250839
14.5807638168
43.9675981998
1.72576498985
2.27889490128
1.86516904831
8.73839497566
7.52874207497
1.93964409828
17.020606041
1.67632603645
2.90964722633
18.274782896
5.39905595779
11.9890890121
5.43587088585
30.3165540695
4.8180270195
