5.87087988853
0.752447128296
1.0396399498
9.8479309082
6.2084069252
0.941224098206
3.14458990097
6.28194308281
0.556364059448
0.41191983223
0.537208080292
0.361653804779
15.1103360653
17.3963401318
0.327879905701
0.628483057022
0.756333112717
0.487295150757
11.5171329975
16.100618124
0.338323116302
1.64337801933
0.337486028671
0.332551956177
1.43702507019
1.52998495102
3.50696587563
1.52254104614
0.322917938232
0.442648887634
2.64547395706
8.79633998871
0.425242900848
9.62068486214
0.762914180756
0.394550800323
0.336589097977
4.22562503815
15.6841590405
1.21422505379
0.871870994568
4.82579493523
6.60370993614
5.74673199654
0.356098890305
1.46605706215
12.9961838722
2.99344992638
0.574737071991
2.82379102707
4.08950400352
10.9682199955
0.409408092499
0.484506130219
0.399905920029
0.368033885956
7.07874083519
5.76622891426
11.2542519569
20.3612620831
0.459497928619
0.459203958511
3.07715392113
2.66822910309
0.375804901123
0.635637044907
7.62451004982
0.440800905228
0.577071905136
8.60723805428
2.3634660244
5.2031109333
0.441844940186
0.376234054565
1.48875617981
0.443471193314
7.06957507133
1.46485900879
0.410483121872
0.44708609581
1.72869300842
10.0469050407
0.437014102936
0.420473098755
4.57211899757
1.69915103912
1.1570019722
0.357929944992
1.02724003792
2.881483078
4.86024689674
0.435871124268
5.29213500023
2.82355999947
1.2463748455
3.58342599869
2.57952690125
11.0133059025
0.921689987183
9.30990481377
1.47763109207
1.19510507584
0.368302822113
1.57918715477
0.449172973633
15.6004528999
0.374881029129
0.617036104202
7.0790438652
0.343266963959
0.384717941284
1.18840003014
6.97378802299
0.690299034119
4.32628393173
24.7373900414
7.82860898972
6.19386196136
0.366760969162
1.22526907921
0.354448080063
0.37470293045
2.63323378563
0.412286043167
1.19674992561
2.16171193123
0.445078134537
3.85475492477
0.525149106979
2.04717993736
1.55712008476
2.64995312691
0.442224979401
1.05059695244
7.28793692589
0.413180828094
10.8476569653
0.397191047668
4.93677401543
0.368929862976
2.63192510605
11.4637298584
12.1744470596
0.608289003372
5.71083593369
1.10797905922
2.27954697609
0.378051996231
1.04378604889
0.343327999115
0.31622505188
2.99125409126
1.59421110153
0.464099884033
9.14480280876
3.34793710709
0.461592912674
0.438846826553
0.916083097458
6.32841205597
0.376535892487
1.09893202782
2.91357302666
0.952947854996
0.590092182159
1.79720687866
2.08323216438
19.6081140041
0.372648000717
0.336320161819
11.4177310467
6.08788895607
3.03815698624
3.66438603401
0.377093076706
0.33830499649
0.772485017776
17.7406051159
1.77982592583
0.373543977737
0.591209173203
0.540613889694
0.806585073471
0.543325901031
0.34027504921
9.75766801834
0.34875202179
2.45023298264
11.9273450375
0.342617034912
0.332020998001
0.322077035904
4.35112595558
1.47052812576
1.04844713211
0.593267202377
0.388438940048
14.9713070393
0.380738019943
0.437903165817
0.60261797905
0.713278055191
0.513564109802
4.45827794075
15.5561289787
5.26983499527
3.54170703888
0.366573095322
0.325217962265
0.565874814987
3.37528085709
0.464024782181
3.58392119408
1.48100996017
4.51031303406
5.17399001122
11.701376915
11.8690969944
5.46936106682
0.339756011963
1.50224494934
11.635584116
2.85098481178
2.5456328392
0.405459165573
4.12196707726
4.10230779648
0.978245019913
0.414174795151
0.344671010971
0.298666000366
0.340370893478
6.93326592445
6.2022819519
0.575914144516
0.959182977676
0.37712097168
10.1247749329
2.65582990646
3.12176680565
3.76232600212
4.55967903137
5.18292403221
1.35534405708
1.07408213615
1.35608816147
1.10876202583
11.1502220631
0.43595790863
0.407016992569
0.953948020935
4.42028903961
2.27408790588
1.61621618271
2.89309883118
7.78838300705
2.57443499565
1.73347306252
2.4614109993
1.60151600838
0.826277017593
6.47985291481
0.340397834778
2.57396101952
6.11185789108
10.7524700165
0.394227027893
0.887475013733
0.952191829681
5.56380581856
1.28901600838
1.01745796204
0.398945093155
0.410835027695
11.6684570312
0.495831012726
5.22283291817
4.05447697639
8.37097191811
4.25061988831
5.12375187874
2.58676290512
6.37126207352
0.425096988678
1.23507285118
3.70145988464
0.373275995255
3.04398703575
12.6379599571
1.43146491051
5.79180312157
11.0502200127
18.0827250481
0.393711090088
0.339109897614
9.4043879509
0.347389936447
3.27084708214
5.00038099289
1.85242009163
0.385606050491
0.317275047302
0.464184999466
0.33455491066
7.34118509293
9.94147014618
7.21801710129
0.436155080795
0.388755083084
0.367798089981
0.419026136398
1.24445796013
23.5034940243
12.2597222328
2.86094498634
2.61268496513
6.11426520348
0.992099046707
4.8159430027
8.25322604179
0.934087991714
0.965276956558
12.5018339157
3.28995084763
2.48961305618
4.30925393105
8.86407518387
0.326198816299
1.270622015
4.02772879601
0.65771317482
1.53294992447
1.79483914375
2.32735610008
0.464765071869
0.300407886505
5.78794980049
2.78051900864
5.90002202988
2.59853601456
7.04149603844
0.346561908722
0.947540998459
0.435921192169
2.3910369873
5.24313187599
0.456065893173
0.962060928345
3.15567803383
1.6515610218
0.352018117905
9.21877503395
1.07519698143
0.377486944199
9.68796205521
0.387709140778
2.24331998825
0.375649929047
0.340790987015
0.323640108109
7.80365610123
0.322952985764
11.694288969
0.37122297287
1.43982315063
2.72706985474
0.296596050262
14.4586951733
1.40324401855
14.3273358345
0.440683841705
15.7550179958
2.55806016922
4.41461205482
11.3257739544
0.445343017578
0.393953084946
20.3209030628
0.735677957535
2.38553500175
3.01034784317
13.8222219944
2.45755505562
2.47811102867
3.01730799675
0.718857049942
34.8662760258
0.613405942917
0.290540933609
3.1333360672
1.320510149
9.62368798256
6.40255498886
0.349286079407
0.693500995636
0.439907073975
0.481714010239
16.6448478699
4.51364517212
1.29350090027
1.88621711731
0.538578987122
0.320919036865
4.58951687813
6.96227622032
3.5667090416
1.31675100327
26.3801400661
12.0983541012
2.6006090641
0.818022966385
3.28016281128
5.60507512093
2.89100909233
0.329118013382
3.76147699356
0.829519033432
0.50488114357
0.397696971893
3.00780510902
3.54807710648
7.77273392677
0.438193082809
1.83486413956
0.407660007477
1.15959692001
2.17965888977
8.36094594002
0.386062145233
0.365897893906
1.46096801758
15.8868010044
0.563915014267
6.31317996979
5.2157740593
0.837243080139
12.5682229996
9.06617712975
0.448256969452
0.355099916458
67.5452818871
6.78275609016
2.02146196365
6.64655780792
0.360728979111
0.566066026688
4.84675908089
0.714508056641
3.9239320755
2.86434698105
0.978949069977
3.33379507065
0.333262205124
3.14849591255
5.20557284355
7.22830295563
11.8020620346
0.464719057083
0.374022960663
7.12350821495
1.90261793137
12.9063820839
0.569733142853
5.52529001236
3.02700400352
9.55426311493
6.01287698746
8.77614116669
0.425631999969
7.72975492477
17.9943950176
1.16011500359
0.347476959229
3.60771799088
3.09451007843
0.717049837112
0.35030412674
0.398468971252
1.73208284378
0.337162017822
0.352279901505
0.962484121323
0.480000019073
2.00028705597
6.9951851368
6.26011896133
11.5239861012
15.4686458111
3.19688081741
11.4981470108
0.440186977386
0.946451187134
0.351958036423
2.43758392334
3.18426203728
1.95175814629
1.39959406853
0.335411071777
7.40680503845
0.391094923019
0.431597948074
1.3261320591
1.70434188843
2.09599804878
10.6737799644
0.805427074432
2.22354316711
0.48740196228
4.56634306908
0.651273012161
0.425459861755
8.09632992744
2.24308776855
4.53758311272
7.25399804115
0.365952968597
1.60258197784
0.403338193893
0.870842933655
0.407452106476
0.538813114166
0.310261011124
6.84996509552
0.793169975281
5.75756812096
6.033659935
0.336442947388
29.0237500668
0.434403896332
17.8434650898
0.394958972931
1.91266298294
0.343683004379
0.341542959213
5.71013092995
1.75764513016
0.544455051422
1.56124210358
0.375955820084
0.914714097977
2.41003203392
4.66893005371
2.20728993416
0.7365899086
10.03297019
0.392232894897
0.745173931122
0.340446949005
4.96346998215
6.77263307571
9.49388313293
3.91768598557
0.460056066513
0.408854007721
0.661609172821
10.7728199959
6.42541408539
5.20116186142
0.685752868652
2.42753720284
13.8692629337
1.58083605766
4.85290002823
5.88280582428
2.28109502792
3.92699790001
0.344774007797
12.4279367924
8.59530997276
1.01600313187
2.42523694038
0.31675696373
2.30385899544
2.50006008148
0.359787940979
4.31422615051
0.383125066757
2.91749477386
7.90912103653
8.33738899231
0.58061003685
13.9305598736
0.515496015549
0.414438009262
7.22250699997
3.95944094658
1.16545391083
0.482973098755
4.54879808426
1.29355192184
0.331834077835
2.85868215561
7.33414196968
0.35747218132
0.353862047195
0.73721408844
0.460361003876
0.417179107666
2.14708709717
4.66598796844
1.37649607658
1.90603899956
0.340950012207
0.827087879181
1.16020011902
0.616677045822
11.3218870163
5.8353061676
0.453284978867
6.07153105736
2.16811394691
0.821115016937
0.341526985168
29.9214711189
12.8904869556
0.349282979965
0.333581924438
1.12180304527
0.998416900635
9.83675408363
1.64570903778
3.47571897507
4.58298301697
3.19452810287
0.347275972366
0.329857110977
4.67940998077
0.31436419487
0.338809967041
5.42497086525
0.321208953857
0.418081998825
3.48919701576
0.492913007736
19.1868300438
15.5253999233
0.882821083069
4.02143502235
14.568903923
1.34301900864
4.50240206718
8.25238704681
4.8584291935
3.24360990524
5.93242287636
0.965384960175
1.86381721497
0.683175086975
0.317172050476
1.98691511154
0.355027914047
2.58068799973
6.52839899063
1.05396294594
3.63588380814
0.334389925003
1.40378594398
2.5819170475
0.636527061462
0.411800861359
0.368340969086
4.43345594406
2.18341898918
2.14840078354
7.07027888298
13.8553099632
0.348033905029
0.388998031616
0.349173784256
0.463572978973
0.32516002655
2.08968901634
8.56125879288
2.79717302322
7.75063204765
0.395970821381
5.49260210991
3.60884785652
1.3289129734
8.36290597916
2.53602290154
0.335305929184
5.56562709808
7.67497992516
0.998755216599
0.972311973572
0.378920078278
0.445773839951
0.781934022903
4.50533890724
0.432754039764
3.90703392029
8.88540291786
5.30210804939
1.104804039
3.05712199211
5.87809920311
0.403476953506
0.845638990402
2.81326794624
1.89602899551
8.82224297523
0.441927909851
9.24643802643
0.333344221115
4.49992799759
1.83620715141
0.363209009171
2.36599397659
0.660346031189
0.351356983185
0.395431995392
4.48354887962
4.62617897987
0.331827163696
17.9511709213
4.39474487305
8.17411494255
0.477936029434
1.98331999779
4.40777397156
1.39353585243
32.8122899532
24.5461778641
0.468242168427
0.500006198883
0.342652797699
0.939264774323
3.23507785797
6.39862680435
0.358496904373
3.0187830925
0.41721200943
10.122674942
0.323698043823
3.9916639328
4.64949798584
2.32801580429
8.84266901016
15.0579469204
7.53506803513
8.38553786278
2.45624399185
5.08453702927
11.4891080856
2.81092500687
0.351958036423
1.5505900383
11.9725809097
0.320896863937
1.72605586052
1.20719718933
3.87435412407
8.08029294014
2.14744901657
2.51932215691
0.920220136642
1.22284913063
10.0655589104
0.345988988876
0.368345975876
3.1194858551
1.16156101227
4.53081297874
0.404533147812
0.403549909592
0.409204006195
0.691184997559
5.15406298637
4.24500608444
4.37370085716
1.36285090446
2.68271303177
5.04102492332
0.36576294899
1.48501205444
4.22365093231
1.02435994148
11.2979800701
2.83355617523
0.361160039902
1.16158604622
0.622398138046
1.80761098862
5.50751900673
0.451095819473
0.396861076355
0.867651939392
1.88429093361
1.55066299438
0.559659957886
0.319499969482
4.61628293991
15.7127180099
6.53746294975
20.9864850044
0.338372945786
14.6561448574
8.97108793259
9.56183695793
0.376304149628
2.38394021988
15.3455238342
0.485721111298
0.941035032272
41.224383831
4.60629105568
6.72924518585
4.27767682076
0.506407976151
0.37291097641
5.90483903885
15.7394149303
2.10797095299
9.23294687271
0.318380832672
2.16337895393
1.96800589561
4.41522502899
0.485311985016
2.28291797638
0.927145004272
0.459556102753
2.89328885078
6.04913115501
2.30713200569
2.43828010559
9.13998794556
7.84416103363
0.368115901947
7.06661486626
0.670982122421
1.52017903328
0.38761806488
0.500720024109
0.382817983627
6.30380797386
0.32239484787
0.413345098495
4.44061589241
13.0571570396
10.2113380432
6.65843009949
0.399348974228
2.33762001991
6.59197402
6.32033205032
0.696604013443
8.32081103325
3.6509718895
3.6850810051
0.406486034393
3.45953583717
0.709223985672
0.358378171921
0.412147045135
10.3227250576
1.16007304192
5.64287686348
0.417971849442
0.454825878143
1.08852887154
6.41810202599
0.341779947281
3.63208389282
0.411401033401
4.58727002144
3.19156479836
4.64465785027
0.430768013
12.381319046
2.5784201622
1.89747405052
3.67342615128
1.24323487282
0.575782060623
0.422621011734
0.360575199127
0.335816144943
0.614996194839
7.00539302826
1.86043190956
6.13045692444
12.9060790539
0.967102050781
0.475059986115
3.09870100021
2.31394696236
0.40568614006
0.379071950912
8.72626686096
7.53637814522
4.74828696251
11.8589720726
4.90154004097
10.7011129856
10.5725409985
0.903047084808
0.330746889114
0.359502077103
0.330328226089
0.334360122681
5.15724205971
6.4054980278
0.385801076889
5.77289915085
2.16074299812
9.99988603592
0.329713106155
0.323297977448
0.402482032776
3.42866802216
5.82840800285
19.9182608128
0.311601877213
10.570430994
0.422101974487
6.37236213684
0.496095180511
10.2964839935
1.55880713463
0.878450155258
0.351639032364
0.359265089035
0.400442838669
5.15770506859
1.44840502739
11.5891230106
0.34238910675
2.63625693321
0.453830003738
5.78846788406
0.402712106705
3.64254999161
14.4285130501
3.29796791077
3.80907797813
10.2841699123
0.521701812744
8.91869115829
0.62162899971
0.363893032074
0.481459140778
1.86731314659
1.52633810043
2.81878900528
0.380047798157
0.409311056137
15.8920819759
1.50242495537
10.4997611046
9.02146792412
0.382519006729
0.38287115097
4.25490617752
15.5550060272
1.06180405617
4.24833893776
3.5071439743
8.17737412453
0.424015045166
0.846062898636
1.31571102142
0.881221055984
15.7692780495
0.43123793602
13.1645579338
0.435388088226
0.393361091614
0.656366825104
0.823650836945
12.6373589039
5.9579410553
4.30032992363
4.69628500938
0.318836927414
0.427484035492
7.21297502518
6.4669470787
0.384370803833
1.03508687019
1.22491812706
0.307206869125
3.55425095558
2.86316490173
3.21483302116
7.98710012436
0.64820599556
0.388919115067
2.67353200912
2.83913898468
0.868518829346
2.35227298737
0.389113903046
8.21655106544
2.75097417831
1.08087015152
0.358302116394
0.396128892899
0.352165222168
1.66261196136
3.75795602798
4.33243989944
4.05337691307
6.3770442009
2.26362705231
15.7097980976
5.31740403175
0.703933954239
0.313591003418
2.42713499069
6.22111606598
0.354429006577
4.76094579697
0.571807146072
0.438807964325
3.59790301323
1.13612699509
9.34311199188
0.351623058319
8.82449889183
7.2344930172
0.373507976532
2.32684206963
0.343696832657
0.674743890762
2.86461114883
1.54288196564
0.971727132797
4.23710298538
1.74984502792
7.89837193489
6.25924897194
5.50513315201
2.86467218399
1.81478691101
0.68861413002
2.12548112869
3.99775004387
5.05518817902
2.13599896431
0.422426939011
0.51114487648
4.27126693726
0.408267021179
3.35403609276
14.0269758701
9.46267318726
3.18874192238
0.368221998215
0.40748500824
0.415012836456
2.9289419651
1.86397218704
0.391497135162
3.50150513649
1.95024704933
0.427615880966
2.85808801651
5.79778599739
19.5015900135
0.363018989563
2.25548887253
14.0609230995
1.67600989342
0.402231931686
0.360975980759
6.13636112213
3.58506989479
6.81473612785
0.408061981201
9.24021911621
7.28201889992
0.393995046616
10.2782871723
11.2613389492
5.45703291893
1.44763016701
1.9703540802
2.37170791626
1.59383106232
0.967176914215
0.403546094894
0.804652929306
7.88268709183
0.420219182968
0.370734930038
4.48192811012
0.571054935455
0.383632898331
2.33612990379
0.612682819366
1.54774999619
2.61422681808
0.338562965393
0.347827911377
0.350723981857
0.461673974991
0.404761075974
10.6787118912
0.405743837357
2.6678609848
12.3034369946
5.11129498482
20.0338909626
4.77241516113
3.65966796875
26.5072100163
11.5148479939
0.457226991653
0.434317827225
0.516640901566
0.373467922211
0.366245985031
7.31930494308
1.87571501732
0.648924827576
0.542951107025
15.7935190201
2.07569003105
3.58194899559
0.428858995438
5.61035013199
9.00548100471
9.96224784851
0.949286937714
0.395672082901
3.0242190361
0.486593008041
0.777711868286
0.280175209045
6.63136911392
6.4881978035
0.437194108963
0.547510147095
6.79386782646
6.67743396759
0.37677192688
4.54273700714
9.94408416748
0.36093711853
0.403193950653
3.48287200928
0.337909936905
0.578648805618
0.361395120621
6.20100998878
9.06663298607
0.308809995651
0.536250829697
0.376877069473
1.17859816551
0.623352050781
0.368150949478
0.369652986526
6.42286801338
3.05913305283
11.3670079708
0.345412015915
1.32458686829
0.351517915726
0.445317983627
0.380465984344
0.329018115997
0.353944063187
4.33187699318
5.78633308411
8.43539404869
24.8750748634
0.803691864014
0.358074903488
1.9671831131
0.406778097153
3.21888208389
3.65857505798
0.405651092529
1.28837299347
0.951737165451
1.74661803246
5.47280287743
0.424108982086
0.395159959793
0.368263959885
0.353312015533
0.506072044373
3.22361779213
0.351464986801
0.363841056824
1.81894993782
8.93169903755
2.65619778633
0.397800922394
4.46093201637
0.445537090302
1.38954377174
6.07088303566
6.75408005714
0.365329027176
1.68038082123
1.42802596092
9.36249995232
0.56517791748
16.9569001198
3.34248495102
0.404048919678
3.10190105438
17.2827539444
0.430275917053
3.09100699425
5.9230260849
0.341012001038
17.5963160992
10.3780891895
0.491288900375
0.395226955414
0.403095960617
4.19918417931
0.343616008759
29.9801020622
0.358244895935
0.995794057846
0.422023057938
4.6675491333
6.13529396057
1.45045304298
2.1758890152
7.77874803543
0.320727109909
0.826410055161
5.80238604546
1.65161395073
4.11146783829
0.337296009064
1.53206300735
3.55417108536
19.4646689892
0.404662847519
0.539369106293
12.321215868
0.35068488121
0.472624063492
0.390154838562
11.4142260551
0.356632947922
0.50518989563
0.828244924545
0.45357298851
0.365320920944
16.956154108
1.59546494484
2.75137591362
0.459131002426
4.38334798813
2.53236603737
0.332136869431
0.361025094986
11.541875124
10.5107419491
0.415329933167
6.9146168232
14.9108269215
1.52600193024
0.387615919113
2.5285179615
1.51785993576
0.420928001404
21.5302209854
2.14163589478
1.47298002243
1.27765107155
0.372279882431
4.80762004852
12.0394117832
0.322760820389
4.57628297806
1.07154107094
2.09109902382
6.05978703499
1.97795081139
4.86721086502
0.336843967438
3.75015902519
3.00270009041
7.07384395599
1.73255395889
0.312137126923
6.75389504433
3.49015903473
4.84080791473
0.39065694809
1.70753192902
0.382048130035
6.14375400543
10.2589550018
0.961394071579
0.354981899261
0.449000120163
3.16173601151
0.367799043655
0.337389945984
0.957973003387
0.407364845276
14.6902391911
3.89254188538
0.345454931259
1.09494805336
1.24753403664
0.360514879227
1.84518790245
0.33753991127
0.417126893997
0.327500104904
8.04840302467
2.28128695488
11.8167040348
16.1292130947
1.87244486809
6.40040588379
5.90323090553
0.363914966583
2.51206803322
1.20098400116
18.5274980068
10.4899909496
2.81341600418
0.738136053085
13.9664590359
0.719580888748
1.41502904892
0.363573789597
0.433578968048
1.07775092125
10.5597481728
6.81457686424
14.5893490314
0.355834007263
2.05815887451
0.645514011383
0.575213909149
4.83069205284
5.0275759697
2.72161197662
1.2043170929
0.328410863876
0.358101129532
1.69238495827
0.424293041229
1.23369002342
7.25987291336
12.2271010876
0.335433006287
0.504508018494
0.67400097847
13.9614930153
4.45672988892
12.2321541309
0.880959033966
2.8970310688
2.60728120804
2.05253505707
1.02022385597
0.996190071106
0.373874902725
1.48721718788
2.63030982018
10.3384578228
1.69242596626
4.05460095406
1.14169192314
0.537959098816
15.10709095
5.61386108398
8.99793291092
13.240860939
2.37786793709
2.89439797401
5.50609588623
10.4844009876
1.84234189987
6.0368001461
3.9957010746
0.460108995438
0.327383995056
1.10474610329
2.74008703232
0.414874076843
0.415355920792
2.00734305382
12.9180569649
12.1233830452
1.62542700768
0.481019020081
5.30368900299
1.95140886307
4.78064107895
7.32606601715
7.14578795433
5.53684711456
0.388532161713
0.434015989304
0.467741966248
3.81322813034
0.530030965805
0.406723022461
0.814949035645
2.7330930233
7.61952185631
3.26452684402
10.1367640495
0.484935045242
0.370454072952
0.447103023529
0.625
6.22862195969
0.358062028885
1.01145887375
6.91194295883
8.16563296318
0.358699083328
0.921281099319
7.02434206009
1.54619193077
0.342422008514
0.384866952896
1.76572203636
0.358045101166
10.384305954
0.357053995132
10.0377209187
0.364907979965
1.92984294891
0.971716880798
0.990759849548
0.426703929901
0.356871128082
0.328206062317
3.33831810951
3.58800506592
1.27232503891
1.6065530777
0.299165010452
10.961879015
0.435893058777
6.26257014275
4.85622811317
0.644930839539
5.65199708939
9.91090488434
4.03036618233
0.989417076111
0.393355846405
2.71584606171
0.580791950226
0.43356013298
2.84799289703
0.486680984497
0.346784830093
13.5257999897
5.81486296654
1.03648996353
2.55276703835
15.259816885
0.570364952087
1.44039011002
1.78349494934
0.379940032959
0.930542945862
0.368637800217
0.42302107811
2.3236618042
0.32929110527
2.73001718521
2.75177502632
1.58399987221
6.60298299789
3.01026415825
2.8499250412
1.15193605423
0.356841087341
1.09660291672
0.378422021866
0.974797010422
2.0017888546
0.328680992126
0.389786958694
2.65057992935
0.374509811401
14.2464659214
5.48738598824
0.385988235474
1.58680319786
8.58762717247
0.369849920273
0.988185882568
8.07854294777
0.330347776413
1.2771961689
0.315281152725
0.567878007889
3.26986193657
1.54298305511
0.335772037506
2.27198696136
5.21931600571
1.20602107048
0.410135030746
8.38907003403
0.34224486351
2.48378801346
7.07843995094
10.8425250053
5.2534930706
0.375798940659
7.47027516365
0.503484964371
0.555151939392
15.674120903
0.330840826035
0.359369039536
2.63694810867
0.396274089813
1.4460542202
1.17714285851
1.43654203415
0.782042980194
5.54364705086
12.1733980179
7.12406897545
2.38644194603
1.58618712425
4.0951321125
4.65778279305
1.29231405258
0.45105099678
0.36257481575
9.99053096771
11.7476739883
0.738792896271
7.76338100433
6.35171699524
3.68388199806
14.5449669361
1.7335729599
21.6920380592
0.528963804245
4.93451881409
3.81253695488
0.518062829971
0.398133993149
0.385926008224
0.431939125061
3.78425097466
0.764245033264
0.830676078796
0.875771999359
1.97085809708
7.36263394356
1.02113294601
7.70535492897
10.3537249565
1.71431279182
0.349157094955
0.32364487648
1.17840600014
0.386914014816
0.39275097847
3.08482384682
12.5782060623
4.30680584908
6.75960803032
0.840692043304
0.431704044342
9.15736103058
1.58998012543
2.23031902313
3.52570605278
0.445037126541
0.371542930603
3.40001797676
0.423607826233
0.512444972992
2.38781905174
5.75791120529
2.10119915009
0.330918073654
3.89572691917
3.40647602081
8.59009695053
2.07271194458
1.25127315521
4.54772186279
0.879872083664
1.3543419838
0.389151096344
0.368839025497
7.30249500275
0.371244192123
14.8933939934
1.95970106125
3.452064991
0.441837072372
4.7974729538
0.717461824417
1.53016209602
0.848962068558
0.334979057312
17.4681169987
5.46357607841
1.52271103859
0.675846099854
1.1109919548
2.07869410515
2.06743979454
0.409687995911
0.439108133316
3.18956899643
0.391579866409
2.60811495781
0.320479154587
0.390148878098
1.30062699318
0.480719804764
11.3798019886
0.444942951202
8.68224811554
9.19613409042
18.126322031
0.513967037201
2.44927096367
2.45847892761
0.32784819603
0.362403869629
14.4675910473
0.976502895355
4.46122193336
0.304656028748
0.453004837036
0.557588100433
2.97858119011
4.77142500877
1.52666807175
2.15030312538
2.60797977448
3.62422990799
0.295048952103
0.350994825363
0.348108053207
2.34762716293
4.92310094833
0.424204111099
0.404439926147
1.57605099678
2.4511051178
13.6198871136
9.62779402733
0.35445690155
8.8086309433
1.73082709312
0.422240018845
2.0324420929
5.05878615379
0.32976102829
0.34077501297
2.85861492157
6.21444892883
2.27307701111
1.30169296265
3.36444306374
1.47894001007
0.344665050507
0.371378183365
0.702393054962
22.2602190971
1.46231913567
1.86241006851
2.74300408363
0.466948032379
1.33698606491
0.45766711235
0.422695875168
4.21390295029
1.86088299751
0.400266170502
0.352937936783
0.345273971558
1.92436599731
11.808164835
0.450198888779
3.54838395119
0.565639972687
1.34551119804
2.20077705383
1.80737996101
0.927883148193
1.1897790432
0.418553113937
13.7676861286
1.0600399971
16.0843930244
1.1029419899
5.84871196747
2.27194309235
9.1824388504
0.462926149368
0.314697027206
2.90025687218
4.12260389328
0.392304897308
9.4966211319
0.850723028183
8.51983785629
0.406683921814
7.94467782974
0.404030799866
0.449861049652
1.81214618683
1.47457003593
0.54202413559
0.339188098907
2.00671601295
0.396524906158
1.26343512535
2.16570901871
10.0749230385
0.347810029984
0.371261835098
1.45475888252
2.4313120842
0.356887102127
5.32272720337
0.36103105545
0.548301935196
6.64983797073
0.792541980743
8.50458097458
8.78133201599
15.7069568634
2.44566392899
2.15333890915
0.361685991287
2.87924385071
1.45455002785
0.315209150314
0.433305978775
6.45257091522
0.394534111023
7.65399909019
0.396852016449
1.80368614197
0.357349157333
0.385431051254
7.87637114525
0.448213100433
5.69037103653
1.86626911163
0.942219018936
0.34022808075
10.967646122
0.428328990936
8.76488304138
1.26202988625
7.51133584976
7.24571204185
0.735103130341
0.787046909332
4.56481003761
4.02160811424
4.03169703484
3.25515413284
5.80873703957
0.354486227036
8.29265809059
0.536591053009
1.14878106117
4.30825996399
0.775671958923
12.5952179432
13.4087059498
0.360019922256
0.333209991455
2.54415798187
0.539570093155
5.00824403763
0.349889993668
0.739254951477
5.52168893814
1.12751698494
5.73640084267
0.473488092422
7.34870386124
8.3553071022
0.455387115479
14.4810121059
0.919898033142
0.479287147522
3.04241299629
1.42950797081
5.1098151207
6.37083601952
0.414280891418
0.41789484024
5.93784403801
7.2334010601
6.16094708443
0.343128204346
0.360389947891
0.507490158081
2.35331010818
5.33557200432
0.355551958084
0.374830007553
0.662453889847
0.341077804565
21.7004489899
3.37691020966
6.40518903732
4.21301293373
0.393304109573
3.75750994682
5.47227311134
0.829100131989
0.376490831375
2.65546011925
14.5873599052
15.7257947922
4.92448687553
0.373867988586
11.6398971081
5.59742593765
0.49158000946
0.353950977325
0.422069072723
5.17712807655
7.39401006699
5.72590303421
0.345637083054
1.08094000816
22.9717299938
5.23072314262
2.55008387566
0.340340852737
9.7156829834
2.03366804123
0.306728124619
1.68226385117
0.381093025208
6.68598389626
0.823557138443
0.392941951752
0.401779174805
0.721741914749
11.4061541557
5.97562289238
0.803692102432
4.58963489532
2.54116201401
1.40044093132
21.4627931118
0.553436994553
11.9464859962
0.354645013809
0.793869972229
5.72641587257
2.02546811104
1.62792921066
3.71070814133
0.408798217773
3.29197001457
2.2526140213
4.59156298637
1.86312699318
2.63414788246
9.14262104034
0.430035114288
1.11389803886
0.381409883499
0.33180308342
0.862639904022
0.38501906395
0.341829061508
9.78525900841
0.323911905289
0.53063082695
11.1997480392
3.70165801048
3.17551398277
10.3976840973
0.806525945663
0.404000043869
0.379098176956
0.349451065063
0.415942907333
13.9000518322
5.49026799202
6.56449007988
11.2844891548
2.92702507973
0.369739055634
0.35456609726
0.376883029938
3.11810588837
1.71386003494
1.1759660244
0.5646879673
0.383409023285
0.557249069214
0.326706886292
13.5705940723
2.04012107849
0.351137876511
7.37299704552
0.433259963989
0.344654083252
7.3884499073
0.387969970703
0.412389993668
0.405179977417
0.97560095787
3.94344115257
1.67156982422
1.83997392654
0.316900014877
17.3639512062
0.416199207306
19.6887431145
1.97954702377
4.24552702904
0.697101831436
4.70909309387
1.71729302406
0.580084085464
5.67033600807
1.24437999725
1.71139788628
1.67703294754
6.42144823074
1.09662103653
1.37982702255
7.55101895332
0.389162063599
2.61840415001
2.23732113838
4.43327403069
0.778552055359
2.9703168869
4.38994503021
0.576165914536
8.72636914253
7.98471188545
2.15881800652
2.72655200958
15.1406788826
0.372301101685
4.19998288155
1.33667397499
13.0004041195
0.56080698967
3.4262919426
8.80899405479
2.29376196861
2.65232682228
0.286519050598
1.73936796188
9.73907780647
1.01703596115
0.631181001663
0.360784053802
4.63307499886
6.98518204689
0.408411026001
8.12700486183
0.540697097778
4.69893693924
12.1733930111
2.17354989052
16.4856438637
0.376029968262
3.52934002876
0.34849691391
0.408050060272
2.23889183998
7.5587849617
2.59665799141
1.31481909752
0.474425077438
3.34621095657
1.19747400284
4.00489997864
0.462416172028
4.1798760891
0.80552816391
11.4366359711
0.463192939758
0.364150047302
0.769860029221
0.55579996109
3.53112792969
4.2518620491
15.6214220524
3.00641703606
0.342330932617
0.403258085251
0.491316080093
0.373028993607
1.26411104202
2.80200099945
15.9093351364
1.07861399651
4.94319701195
12.2617259026
9.37514996529
0.591113090515
3.13744497299
19.8733589649
2.75762987137
0.90874505043
10.1361598969
15.6416521072
4.94656395912
2.06782889366
16.1381649971
3.16773700714
0.372375965118
0.527700901031
0.329975128174
15.7217311859
3.35747098923
0.381706953049
1.36167383194
1.06140685081
5.55320096016
2.92714309692
7.01282787323
4.63833904266
1.3811879158
1.47745490074
3.58838415146
3.24232912064
6.18093800545
0.377684116364
9.42590689659
2.18488907814
6.20095610619
14.4938881397
0.379535913467
7.62488293648
0.888120889664
3.4467279911
4.80352497101
0.448531866074
0.360799074173
0.328906059265
2.76573896408
0.676681995392
1.04890203476
0.457170963287
7.74023890495
30.4633359909
0.412322044373
0.385522127151
0.885543107986
0.474037885666
12.4869410992
0.491940975189
0.733738899231
20.3750369549
0.344081878662
0.36065196991
0.386417150497
2.39781403542
4.59120702744
14.23772192
5.67501401901
4.65813207626
3.77234101295
9.92733216286
5.69850492477
12.0675349236
0.357306003571
0.401418209076
6.59774684906
0.317559957504
0.413208007812
1.37305402756
2.23320579529
0.423979043961
10.0437619686
0.356345891953
7.41655993462
0.441919088364
0.411139965057
2.13466095924
0.829840183258
0.372637987137
9.66800022125
8.0180311203
7.36928915977
0.358810901642
2.91061902046
0.330933094025
3.62804698944
24.2587599754
0.692143201828
0.34207701683
0.992604970932
15.5476429462
0.701152086258
0.739969968796
1.75549221039
6.36325311661
0.483967065811
7.94916200638
1.30602812767
0.588162183762
0.388993024826
0.355327129364
0.439140081406
8.09688687325
1.23516011238
7.81892204285
0.93962097168
3.5231051445
0.321353912354
0.512460947037
3.5873041153
2.30499887466
3.87541818619
0.342884063721
5.02809286118
1.83624887466
0.320296049118
0.355687856674
1.26220393181
0.326884031296
0.361940145493
0.897850036621
3.51105690002
11.9815180302
0.453851938248
3.29527282715
0.351897954941
0.344717979431
9.94672584534
0.336178064346
6.67119693756
0.385240793228
1.13029789925
0.403195858002
0.400981903076
0.414020061493
1.66472005844
1.83816885948
0.534718036652
5.58382892609
0.591828107834
3.52196288109
11.4312391281
2.7399520874
0.477172851562
0.392485141754
4.01230192184
0.440364837646
5.62439012527
4.05375695229
2.06236505508
3.94230604172
5.53894901276
0.361114025116
6.96226096153
0.420605182648
0.347740888596
0.397168874741
10.2281010151
5.89481210709
15.0987830162
9.49445104599
4.38389396667
20.6647899151
0.412634134293
2.36448287964
4.93457508087
29.8429927826
0.367691040039
1.02588915825
0.384661197662
2.15002083778
3.27484297752
1.0654399395
0.359740018845
0.914102077484
5.21491503716
0.461801052094
0.964437961578
0.463442802429
0.414256095886
1.11315608025
19.0715169907
9.96248102188
6.70115399361
1.02417898178
20.8231389523
2.86863589287
1.91865682602
0.619560003281
7.28415894508
2.53500103951
3.21505403519
0.975442171097
9.90746212006
3.89664006233
5.17564201355
0.369176864624
0.597810983658
4.33702707291
0.374655008316
2.22070598602
6.09590387344
8.42370295525
0.378700017929
0.904548168182
19.3754818439
7.88940095901
7.33405303955
4.86680388451
0.337732076645
5.68124985695
2.65700888634
7.15356278419
7.13923597336
1.21302294731
0.528239965439
0.940429925919
0.650913000107
8.77981710434
0.646683931351
0.894603967667
12.3406288624
0.489820957184
6.58128881454
4.72652721405
12.4420788288
1.6210308075
6.85511779785
4.91948390007
1.90680384636
20.7705311775
0.495299100876
5.12672686577
11.691313982
1.14726400375
25.3044819832
6.52296280861
1.38975286484
4.97121500969
0.650788784027
0.786327123642
0.43914103508
0.431506872177
6.6538541317
1.28389692307
9.86092400551
0.367980957031
0.396808862686
12.5756421089
8.6605360508
3.43108987808
2.6392531395
0.35768699646
0.3728120327
0.385422945023
1.22637796402
1.98942899704
8.18784713745
0.401302814484
1.3339869976
0.397319078445
7.77883315086
13.3228840828
0.417264938354
1.14067411423
2.82544207573
4.93715715408
3.81393504143
13.866038084
3.97572779655
0.346585035324
1.36347007751
0.352400779724
0.876886129379
2.16967892647
0.350633859634
6.37767887115
0.412258863449
1.17700099945
1.54137301445
0.391327142715
7.1888449192
0.471851110458
0.341892004013
4.18673396111
7.23081994057
0.334078788757
7.9961130619
10.6913261414
0.586589097977
1.39256000519
2.55967617035
2.23678898811
2.98038983345
15.6481809616
12.193488121
2.36305904388
13.6678209305
7.17301702499
0.387174844742
0.685701131821
2.18467307091
0.412315130234
10.8286309242
2.75452208519
5.66498494148
9.60993289948
7.72773885727
0.381975889206
0.326783180237
2.64039802551
3.62396287918
2.49091005325
2.26229500771
6.48032784462
4.54426002502
8.77707004547
0.332271099091
4.35362911224
0.503982067108
0.583633899689
2.83245301247
0.451898813248
3.2896668911
4.49672198296
7.64023184776
0.361693143845
8.80608820915
12.8531270027
0.57906794548
4.18016290665
1.14870500565
1.50207686424
7.02292513847
0.385709047318
0.357919931412
0.406285047531
2.8004899025
0.407168149948
0.317712068558
0.337630033493
14.9870891571
0.611999034882
0.461019992828
0.391947031021
0.602044820786
1.40810608864
0.380781173706
1.31159996986
0.456635951996
12.3971350193
1.83130002022
0.571483850479
1.17225813866
0.646512031555
0.378042936325
0.335602045059
0.313264131546
0.333163022995
9.01190304756
0.346670866013
7.16529607773
6.55943608284
0.336493015289
5.04919505119
0.410196065903
10.9389200211
0.380990028381
0.357312917709
0.364497900009
16.7787959576
0.371240139008
0.352854967117
4.73707389832
0.422930955887
0.431057929993
0.391030073166
1.47384285927
6.72370505333
0.8606569767
5.22598600388
0.388025045395
7.72826695442
0.801170110703
0.473635196686
3.259349823
3.04009890556
7.92668700218
6.67575716972
0.342353105545
2.79689693451
2.02894496918
24.7445549965
0.352891921997
0.359443902969
0.47492480278
4.2357211113
6.62976288795
7.06820201874
5.02791500092
2.41144013405
11.3685901165
0.359183073044
0.3698990345
3.14087986946
1.01085710526
0.542450904846
2.39213609695
15.4177281857
9.44380307198
1.14633607864
10.1012568474
1.11575102806
1.05011487007
0.731359004974
13.084141016
0.516561031342
14.9190850258
4.29874014854
10.5360250473
0.378541946411
3.83817791939
5.24491882324
14.5880479813
1.09724593163
0.506865978241
3.78908419609
24.314139843
0.423125982285
0.425296783447
0.380487203598
1.42095208168
0.393364906311
0.391460895538
0.738761901855
0.466318845749
1.17678618431
0.365772008896
3.73749899864
1.30831289291
3.27113699913
5.30986404419
1.65652012825
0.319321870804
8.10162591934
25.6664340496
0.34391617775
0.641747951508
3.61159014702
9.18014597893
3.75754380226
0.368982076645
8.51310515404
0.845947027206
1.89256310463
2.08016586304
0.432214975357
4.07108712196
5.83956003189
1.54980707169
0.401777029037
0.784894943237
3.49610996246
0.380705118179
1.27799701691
3.56452798843
0.907027959824
2.06539702415
8.47450995445
1.05806779861
12.594684124
6.42082595825
0.616548061371
0.357589960098
27.1018671989
4.58202409744
0.538509845734
5.41965603828
5.64339494705
1.10390114784
8.20709300041
1.64953684807
1.0304851532
0.314610004425
0.390960931778
0.385695934296
0.643033027649
0.314574956894
0.775955200195
0.415052890778
10.4310970306
0.684159040451
0.543832063675
0.334274053574
6.02213907242
14.7318401337
0.464867830276
4.31154918671
1.25167798996
1.33101511002
2.4516479969
0.37277507782
9.90916800499
10.7975552082
0.452178955078
5.89466285706
0.353842973709
12.3444468975
17.9781761169
4.42957520485
0.377701044083
7.60365796089
1.02494716644
0.382742881775
0.430536985397
1.31318807602
3.43832707405
2.86303305626
0.410624027252
1.36933398247
7.60971617699
1.61557817459
0.950329065323
6.36014890671
0.922343015671
0.344564914703
0.446370124817
1.06041193008
0.363234043121
0.376187801361
21.9272360802
2.10751199722
2.69760298729
7.94036698341
0.518468856812
1.61012887955
5.46450901031
8.18204212189
5.28458309174
1.02248501778
1.97917580605
1.73588204384
1.12791991234
5.24592900276
0.776123046875
2.09943509102
9.35588502884
4.94035196304
0.399468183517
0.318982124329
0.523782968521
0.402302026749
0.40288901329
2.06013011932
0.470270872116
0.358216047287
0.512498855591
6.34889698029
0.366528987885
0.573017835617
1.59139513969
5.88126206398
1.38453698158
0.348593950272
0.376716852188
16.8017961979
11.1776721478
0.379951000214
0.698325872421
0.318764925003
0.486011981964
0.403837203979
13.4071731567
2.67668604851
0.323465108871
3.84638881683
1.7693669796
1.76677203178
0.885540962219
1.05516719818
2.75875210762
2.53981781006
10.3996732235
8.63429498672
2.89952683449
0.453799962997
5.01789999008
3.70911598206
7.51317310333
0.339114904404
13.1333038807
5.77536296844
0.345978021622
3.18999218941
1.59045886993
9.55523610115
4.14160704613
0.394917011261
4.01943802834
8.47399687767
3.22035098076
8.95712900162
0.516408205032
0.522485971451
1.28106212616
0.374250888824
0.575673103333
4.22401285172
23.5881969929
1.17235898972
4.79792189598
0.465761899948
15.9013800621
3.82872509956
10.627063036
6.03728914261
2.56797719002
7.41917705536
1.65823817253
0.953351974487
0.375491142273
0.46873497963
0.518157958984
1.35815906525
0.363915920258
5.30497312546
1.2434990406
0.379060029984
3.75327301025
2.0122730732
4.08939790726
7.65525007248
0.918251037598
3.99381899834
0.414740085602
3.63426709175
1.64312911034
17.0856420994
4.74871182442
0.369929075241
0.32683300972
0.341881990433
0.397368192673
16.4283750057
3.23043394089
0.382198095322
0.48447394371
0.367634057999
3.03926992416
0.315771102905
11.4026200771
0.815681934357
0.440364122391
0.960669994354
0.787448167801
1.00576806068
3.41121792793
4.6551759243
10.4304821491
4.05573701859
2.26756596565
0.35947394371
17.3405239582
0.565010786057
3.6961710453
6.02893710136
0.866063117981
8.67581295967
6.70186495781
0.383199930191
8.02465319633
2.99607491493
0.739178180695
5.61295986176
0.897766828537
2.53292584419
5.06179308891
1.34618115425
0.619073867798
3.1699950695
0.385543107986
3.03286790848
0.336000919342
2.054666996
1.47700810432
0.406122922897
0.316927909851
2.22541713715
2.58908390999
4.45575499535
0.459455013275
0.510473966599
0.679239988327
1.62648797035
7.24532699585
3.21824288368
4.14723300934
10.6624097824
0.363686084747
0.355774879456
4.87394213676
0.927239894867
8.35741281509
0.379296064377
8.80627894402
8.38091611862
12.2288088799
7.57547402382
0.658017158508
0.367914199829
20.3464510441
3.20533800125
1.23711585999
1.72123908997
0.381041049957
2.95799398422
7.8214468956
7.77768397331
8.9269630909
0.317265033722
0.654191017151
0.362878084183
8.86730790138
0.878655195236
0.352200984955
0.454867839813
6.0650780201
14.8663671017
3.06278800964
0.742824792862
0.357357025146
0.463291883469
4.09774804115
5.88383293152
2.09364509583
0.8450050354
7.96556901932
0.356330871582
3.86703491211
0.337049007416
3.64729785919
5.91088700294
1.19044613838
12.975151062
1.98937988281
3.01749897003
15.909717083
4.90108704567
4.51544594765
4.22521996498
0.340006113052
0.530478000641
13.4118249416
0.378209114075
0.391248941422
2.64934206009
0.503129005432
0.331753969193
0.526553869247
5.74317193031
0.501364946365
6.72197389603
9.48219490051
1.90580391884
5.93019294739
9.18442893028
4.83753108978
3.4257569313
4.85362696648
5.85183691978
2.81973290443
1.24371004105
4.42379999161
2.18643808365
0.392540931702
0.47122502327
4.73798513412
0.331440925598
5.57966089249
0.372471094131
0.318300962448
8.5470559597
19.5084440708
3.74582195282
0.382446050644
0.410228967667
10.5117650032
0.554012060165
0.403282165527
3.35763978958
3.58358502388
0.601410150528
2.82665300369
13.4320459366
0.417057991028
4.49285101891
4.8301680088
2.68542790413
0.390748977661
7.21659302711
6.57691311836
0.40135884285
3.00228691101
0.998590946198
0.353576898575
1.71877717972
1.73658013344
1.48082995415
0.347971200943
6.13689088821
5.51533293724
0.848699092865
5.09154295921
0.348973035812
0.432053089142
0.404120922089
8.80044388771
2.47588205338
1.67472696304
1.51500701904
2.67158412933
0.463384866714
1.66001081467
2.57881093025
0.334197044373
0.800565004349
1.75379109383
1.52184319496
4.64830493927
0.272578001022
0.524650096893
1.10929489136
0.44172501564
7.21157002449
0.372784852982
0.422749042511
13.8547739983
3.67202186584
4.05077695847
14.7723920345
18.081223011
0.65212893486
0.332841873169
2.62407708168
1.79813408852
3.49930405617
0.405683994293
7.03795099258
6.329226017
0.380254030228
0.344105958939
3.45931792259
5.89602804184
0.679656982422
6.12289714813
5.83186507225
7.10031104088
10.4116060734
0.401874065399
9.14263391495
7.79851508141
0.367745876312
6.01788020134
3.51929593086
0.770756959915
1.33786487579
2.31617712975
0.902115106583
4.02906417847
0.340977907181
6.45631194115
7.30277395248
17.9259231091
0.350142002106
1.99107694626
8.2685148716
0.484723091125
0.476393938065
0.713073968887
1.39382696152
4.04201793671
11.5552990437
1.03302311897
0.385092973709
2.85844182968
0.400563001633
0.998250007629
1.33927512169
0.35308098793
6.25389719009
4.98179507256
0.566015958786
6.65296006203
4.65341711044
0.329190015793
0.401340961456
11.0757629871
0.433804988861
11.9937999249
1.31366300583
0.391716003418
11.9851770401
2.29645800591
0.351253032684
0.328243017197
1.44875788689
0.357856988907
3.71048879623
6.65577292442
12.1973910332
1.23546504974
7.59172701836
2.21439504623
0.413150787354
0.594497919083
9.78156685829
0.313254833221
2.60329198837
1.82136678696
0.886257886887
1.29936504364
0.423886060715
13.2965769768
3.35681295395
0.373408794403
0.343175172806
0.384443998337
0.343950033188
0.425122976303
2.0313000679
2.9693300724
0.883183956146
0.986300945282
0.331321001053
0.339823961258
1.23001098633
0.398067951202
5.78030395508
0.341276884079
4.05350017548
0.901445865631
6.73018598557
0.610092878342
0.576505899429
0.395004987717
11.7781949043
0.495805025101
6.15564513206
2.2075381279
16.2816679478
2.69765782356
16.8413360119
2.18783283234
1.70163297653
0.350075006485
14.2483599186
0.448342084885
10.2851729393
6.6695151329
5.58791708946
1.45178294182
0.384510040283
0.448837041855
0.428297042847
2.15341806412
0.522360086441
1.08586287498
1.03192400932
0.468754053116
0.401116132736
0.573569059372
2.06887197495
6.30174708366
12.9175879955
0.75853395462
0.31573009491
0.350267887115
0.349234104156
0.945592164993
0.394418001175
3.07035684586
1.28329706192
1.2166659832
0.366222143173
0.340999126434
0.349164009094
4.12618708611
14.5806601048
0.49388885498
3.18618392944
4.5554831028
2.19373202324
3.22546291351
3.60539293289
0.338502883911
1.72700595856
3.82645320892
0.400788068771
1.10149598122
0.405719041824
12.0933120251
14.2681591511
0.310465812683
0.396888971329
7.0963640213
0.325554847717
3.88357400894
1.54181599617
5.40227389336
0.397987127304
8.05368900299
5.16736698151
5.30392289162
0.505308151245
