13.4299600124
21.9393401146
14.8113768101
16.1968240738
33.9357638359
57.350249052
3.09428405762
17.2048511505
41.2916631699
10.5064098835
16.3245000839
14.8347969055
11.6522400379
186.311649084
3.2707901001
7.7626581192
3.10166406631
14.357252121
56.1548719406
47.5164990425
34.6394319534
35.7680699825
2.87060284615
23.2897930145
30.1451821327
15.8358728886
7.65004706383
49.036906004
7.05308294296
39.244576931
9.10816812515
72.0704870224
14.9998989105
17.2339961529
7.94176316261
6.57956004143
19.7110691071
29.0747680664
10.3917601109
14.0069689751
7.27214002609
12.666670084
40.5165710449
3.7148001194
39.2913608551
2.63944602013
3.22749686241
7.38882613182
3.29846906662
4.52327013016
67.3772270679
58.9110479355
3.49983596802
14.8738789558
33.5816521645
58.4640929699
13.4737300873
11.0659019947
9.21295499802
54.9399390221
6.90216016769
4.59697294235
83.355410099
23.6930921078
121.345577002
24.5856912136
11.8924868107
19.2434909344
49.1619319916
75.5755820274
18.4479739666
5.05560588837
42.9705491066
8.16558504105
18.946844101
3.89499497414
10.8086829185
35.1996350288
29.3518059254
3.58087587357
3.72610282898
10.0914511681
65.7842140198
19.1941659451
85.0328829288
32.081099987
22.0334908962
6.66858315468
9.37196087837
9.60251808167
72.5315790176
10.5870769024
50.5394759178
2.81827092171
8.22405290604
16.151706934
60.3249931335
18.3807959557
14.6752068996
11.3704140186
15.7238669395
14.5959570408
17.3129160404
32.9529881477
5.0177359581
58.9187271595
18.4755060673
11.5930850506
21.0298948288
10.5816168785
51.3923790455
7.90119290352
96.8516528606
3.00436997414
6.5978372097
19.9151220322
3.03973197937
32.9481430054
57.9200789928
3.75555491447
11.5498611927
27.1627099514
11.3185040951
3.06878614426
16.9636769295
38.8884859085
9.91050100327
70.6480212212
38.2725799084
27.4691810608
12.0046229362
8.15848493576
23.0035359859
15.400701046
2.83109688759
10.6447739601
4.05995678902
2.75004601479
3.41536402702
17.4869749546
15.2798159122
6.09430813789
15.1197490692
17.8122420311
26.3049378395
12.2829630375
33.6178321838
30.2760939598
17.1878640652
35.9731090069
4.71062803268
3.41261005402
23.1577780247
11.754953146
15.6094379425
20.8044879436
51.1757788658
15.8254818916
24.605643034
8.82744622231
5.07520580292
8.08241891861
17.6224610806
40.1179659367
6.53417801857
18.0084807873
8.78824710846
3.00532889366
10.4344749451
3.32167100906
4.90473890305
22.3461821079
4.00250411034
6.9512450695
28.365473032
