589.82032299
13.5022170544
12.1397330761
35.2939190865
487.422482967
12.5962061882
193.291490793
113.877135038
157.337648869
33.1185369492
62.075371027
125.702335119
184.522950888
97.3456718922
41.3978428841
223.114989996
151.637802839
115.451891184
122.780673027
28.4746229649
112.93295002
12.4128060341
102.060260057
236.26939106
23.0119640827
66.7392787933
58.3267059326
70.863863945
80.1013319492
23.291506052
73.9881188869
142.528711081
138.806607008
44.4590630531
357.064743996
27.5233519077
61.7987959385
437.895001888
14.0576980114
17.5647358894
342.307887077
29.1433157921
63.1684648991
210.148991108
71.6475949287
254.168009996
311.52887702
95.0206451416
294.721515894
11.4807419777
64.628205061
11.9454870224
47.5164589882
54.9141848087
37.3826019764
37.9035291672
15.1467061043
270.181387901
47.7105870247
11.6447689533
101.003815174
40.0416150093
11.7429158688
50.2419528961
11.7262840271
26.561661005
145.362518072
31.7169511318
344.452044964
67.2933409214
131.492290974
23.9865911007
136.995947123
75.8089978695
87.4231648445
28.6712110043
12.3437209129
27.5978748798
42.9559719563
36.3543429375
89.3348479271
77.1316318512
82.138739109
32.5975170135
58.8612360954
120.306393147
23.750895977
243.776247025
177.746681929
84.6643869877
112.766688108
331.928190947
68.6747539043
142.873372078
11.0656650066
63.4945020676
40.0201590061
50.5916080475
27.356167078
74.60384202
82.4211540222
11.4125249386
27.727627039
44.9824781418
14.4033119678
11.3607530594
42.9891629219
352.238365173
220.070968151
28.0817480087
26.5202410221
358.713304996
120.126651049
196.365714788
311.545180082
132.077001095
131.496397972
33.0828490257
340.453695059
364.38012886
297.891505003
52.7854549885
52.1629509926
180.783220053
69.2277081013
65.1189410686
64.1243679523
54.8407020569
45.2289149761
184.080725908
321.757906914
143.631888866
153.057650089
318.772681952
119.801851034
39.0442531109
240.886846066
56.2438919544
31.2915349007
251.746881008
202.216457844
61.5367870331
117.875646114
96.4338519573
80.4938790798
86.7797708511
44.4660260677
10.9266970158
207.116533995
25.3269059658
42.7672710419
56.8594608307
56.5983440876
87.7677199841
192.534567118
59.9295928478
49.9917778969
541.841240168
60.2708101273
10.8283569813
12.1865060329
75.4930229187
67.6151018143
306.919168949
133.143983126
11.0689690113
17.419919014
78.2680280209
412.46338892
404.389733076
147.639521837
12.4183139801
11.7516889572
102.739409208
169.614777088
110.630795002
114.859091043
184.918876886
11.9556159973
68.1300969124
43.4585089684
438.442912102
160.196858168
148.970841885
56.3550848961
27.1666929722
64.0103850365
45.6286067963
41.2455461025
77.4353501797
200.215626001
45.7972328663
311.241714001
43.8353078365
378.027785778
23.7174239159
91.4811630249
367.982912779
144.155044079
72.320141077
512.904745102
68.5657019615
38.0578491688
211.977771044
12.6491429806
62.1323931217
217.290072918
147.680869102
13.4868140221
166.611673832
10.6420910358
55.9816300869
352.519870043
135.222579002
55.8808350563
355.52321291
99.7735750675
100.261787891
64.9917359352
58.2440149784
60.9362709522
198.512557983
195.593886137
225.668020964
107.036392927
205.838886976
160.550563097
68.2567079067
27.0133199692
235.682952166
356.892893076
393.634625912
11.5482289791
567.135432959
43.3396208286
12.3110220432
51.6325910091
132.771159172
146.202595949
32.3597040176
26.9010908604
311.322785139
557.754832983
39.7011010647
270.282641172
25.3295989037
182.032795906
153.407725096
61.6868319511
16.9180369377
234.108641148
429.964106083
18.6390969753
36.1007668972
136.639128923
107.578159809
35.5190320015
79.4795870781
70.4365079403
104.969467163
80.3967039585
12.6571481228
70.8431200981
267.485271931
11.6386430264
68.070843935
108.625123978
44.2414021492
634.597594976
111.8045609
76.2691788673
80.3880670071
75.4562950134
