0.414978027344
0.0391781330109
0.0551981925964
0.0784850120544
0.0330991744995
0.370315074921
0.0502650737762
0.0342090129852
0.0326011180878
0.0390608310699
0.036908864975
0.0350151062012
0.0386469364166
0.489711046219
0.424309968948
0.112653017044
0.0394859313965
4.19519901276
0.0916900634766
0.0288679599762
0.0354571342468
7.52849698067
0.085923910141
0.040109872818
0.550457000732
0.0273180007935
0.0291500091553
0.478425979614
0.0311150550842
0.0392260551453
0.0287759304047
0.0322859287262
0.0445699691772
0.0639021396637
0.69295501709
3.00445604324
0.11155796051
0.314652919769
0.439919948578
0.357363939285
0.0339140892029
1.330078125
0.0444188117981
0.0331411361694
0.497362852097
0.0989460945129
0.0402212142944
0.333698034286
0.03653383255
5.80866003036
0.0672388076782
0.768110990524
0.0331280231476
0.0313010215759
0.39439702034
0.471617221832
0.0375838279724
2.05408501625
0.335715055466
6.9930729866
0.228268146515
0.797101020813
0.0772368907928
0.0309607982635
0.0454759597778
0.930959939957
0.0371489524841
0.48712015152
0.0481741428375
0.0803940296173
0.0485191345215
3.09010481834
0.0338740348816
0.0843908786774
0.0350019931793
3.01395702362
0.0349359512329
0.0908401012421
0.523190021515
0.39997792244
0.0386390686035
