1.31981301308
9.36592793465
1.45408821106
14.8703379631
20.7859311104
17.463766098
10.7638008595
7.43148183823
0.787765026093
0.821964025497
0.786879062653
1.73817706108
0.739373922348
1.31250286102
54.6686270237
56.7417728901
20.1836349964
7.20267987251
33.1600899696
9.24233603477
4.10359787941
11.9735100269
9.39897298813
0.784992933273
8.75976705551
0.902933120728
19.2491049767
13.9177520275
5.73421192169
0.980686903
2.79280090332
6.2677128315
0.794442892075
1.29018211365
3.54835581779
0.829076051712
1.01569104195
53.4047989845
0.816143989563
1.43311095238
12.6289789677
5.82230401039
0.786826133728
1.87505817413
0.745909929276
3.78596782684
2.8937690258
16.0986609459
25.6744148731
37.8241071701
14.8107409477
0.826282978058
27.9408750534
11.1856439114
0.7873878479
2.08091711998
8.18023395538
2.48202180862
2.29440903664
18.042662859
0.762068986893
22.3774759769
7.02677798271
15.5271990299
2.98849511147
3.28018498421
32.0385189056
24.4335751534
4.83396601677
7.29409098625
3.56568598747
0.782111883163
6.66447114944
15.8845140934
7.80630993843
0.882515192032
2.38109993935
0.756150007248
0.82182097435
8.20449280739
6.81566095352
6.85761189461
1.70133399963
14.8125619888
