53.9949128628
353.899522066
148.949408054
79.4722659588
398.67681694
53.8791470528
441.98939395
1230.83343697
361.57365799
53.6658411026
1042.37788916
235.902650118
110.765467167
567.305450916
82.5742800236
56.9704461098
263.532874823
280.851666927
985.912631035
325.295660973
286.821012974
295.495426893
247.793119907
972.828763008
56.1737020016
24.3456630707
1188.30704594
86.1702959538
338.76969099
317.094707966
401.223037958
480.421824932
799.437675953
698.124479055
126.039074898
328.943485022
28.0852570534
164.181139946
259.565134048
320.711977005
717.555840969
1099.80643797
81.2280809879
23.9739749432
1204.31198692
684.209500074
512.63133502
365.356613874
789.04688096
786.142102957
27.3263969421
59.2568788528
523.789127111
124.090749025
1041.76703501
243.253153086
321.817041874
402.224035025
211.348583221
61.1676180363
783.150995016
25.5599048138
229.203611135
1982.42576694
23.9604649544
1103.50987005
30.4233300686
841.806873083
282.639366865
78.076515913
1412.13762307
25.0831458569
170.333245993
781.010045052
380.532967091
79.7537770271
239.289638042
443.262807131
241.311453819
374.189000845
28.2191808224
26.0942211151
198.247768879
318.375883102
23.1009559631
744.777815104
461.880635977
201.864242077
146.801983118
102.35390687
22.8562579155
160.209595203
314.563818932
893.806391001
516.154863834
1154.73628688
750.333148956
394.113363028
151.971586943
25.2985460758
89.1995527744
93.0012431145
137.558536053
630.404739141
129.631366968
326.532593966
354.448361158
48.284842968
106.695867062
157.111613989
77.644215107
577.902312994
803.213740826
76.1271729469
77.2516031265
154.873785973
113.188673019
105.821861982
181.375529051
399.158384085
477.841527939
368.862761974
237.40167594
24.3566298485
283.720877886
83.9052450657
145.286457062
292.006507874
26.8585100174
50.2025780678
51.7657511234
25.2009978294
56.8460559845
268.220571995
623.172166109
262.373251915
23.2435438633
61.3920922279
141.557542086
396.273226976
52.9618828297
643.527955055
313.136582136
480.309342861
25.8924880028
677.710752964
1175.28077483
140.914777994
357.340766907
449.407235861
156.114088058
81.9854290485
938.491256952
236.006930113
82.5123698711
168.508413076
1611.16397786
83.4730200768
80.5542480946
53.2706179619
26.5005738735
417.98959589
227.315280914
415.998212099
617.427506924
257.116362095
59.6735568047
250.254682064
245.083749056
417.96820879
728.552541018
1225.97059512
162.751284122
25.1821799278
912.638974905
84.1092331409
800.025810957
173.909568787
59.9916710854
825.651967049
872.054389954
569.121860027
108.351630926
551.957993031
931.817738056
225.726552963
99.8862240314
59.9059228897
26.2506241798
776.0890131
544.781456947
227.102705956
2688.44861794
1105.12157297
52.216424942
80.6947789192
56.3040060997
141.463442802
354.626121998
508.131613016
58.739770174
485.973233938
197.894410133
468.514080048
250.617819071
183.510608196
379.013035059
579.232441187
123.609593153
103.528992891
542.433035851
23.2348608971
455.752629995
433.098149061
142.879397154
824.77203083
437.711903095
281.360605001
205.684906006
276.785657167
1391.86615109
350.402405977
296.317096949
503.349797964
24.1045680046
358.799066067
148.314036846
294.235475063
24.7057700157
118.333441973
546.888813019
354.851549149
120.060723066
436.279164076
435.539623022
342.861526012
239.290279865
81.5868349075
314.673305035
54.6540780067
567.44214797
161.502207994
182.250962019
424.99248004
702.32345891
342.900449038
434.433466196
131.972649097
270.468109131
1152.25493693
660.415776014
524.703730822
1199.73657489
24.2629008293
