22.9570310116
4.24722504616
30.8629949093
5.46755599976
94.6166679859
4.52873206139
95.5189809799
4.61351108551
10.8696990013
60.1369240284
106.155860186
65.5113079548
55.9844889641
18.3123049736
6.3487238884
63.9909582138
42.3188989162
64.5493891239
4.85661005974
4.78845000267
61.8078210354
11.2703850269
101.742568016
25.2593970299
26.7586269379
11.3636291027
55.5809650421
191.008789062
23.7956459522
28.5508401394
20.8251891136
60.6128590107
43.3875949383
126.883156061
32.507381916
87.1172709465
4.85086607933
11.3053820133
12.2328181267
136.982430935
28.4512851238
57.6489470005
57.4378490448
15.3511309624
15.0834860802
72.1304469109
41.1511609554
77.2655940056
4.67742919922
66.4890189171
30.7648558617
28.7905030251
7.21745586395
18.5508677959
11.2548429966
13.0478060246
4.78304886818
30.5304219723
4.99441194534
4.59253311157
77.4297709465
24.3037528992
29.1069850922
5.62163496017
105.816852808
41.8682069778
56.9629712105
35.1483111382
73.0270709991
38.7789378166
6.47240686417
18.5307021141
17.5896949768
25.8348441124
41.7316460609
12.6644060612
48.6165981293
6.02161383629
11.5866110325
83.9385719299
11.5347590446
