1.60286712646
9.26895093918
4.2167069912
10.5364689827
12.3832418919
1.44697499275
11.6807508469
5.76885819435
4.08504700661
22.0801281929
5.23484706879
7.3442800045
1.77259588242
3.75615000725
1.4784309864
21.6706371307
4.6371088028
1.361120224
5.10185909271
11.363494873
1.70744514465
1.29379200935
1.72062587738
6.16911005974
8.74574112892
23.108246088
18.7916522026
12.4548299313
5.00154089928
18.3065519333
18.98072505
18.7108838558
2.9248239994
18.0621900558
7.85936903954
14.9908540249
27.8538041115
1.43356895447
16.1113731861
25.4641919136
12.9556510448
11.8485131264
1.82182097435
1.35670399666
1.20336890221
18.1556310654
7.54004716873
9.39110207558
25.9360899925
9.44672894478
1.1376080513
2.0078599453
13.7051241398
3.01434087753
5.3641910553
5.929666996
5.30328011513
5.49781394005
6.88770794868
1.19666910172
1.99465894699
1.48048591614
1.19304418564
15.9635059834
2.34740805626
5.30603909492
15.5096020699
13.1099770069
1.40353393555
24.1438159943
22.8606879711
4.9734890461
27.5599868298
12.6386010647
14.0889408588
3.0090739727
1.28871679306
49.4554359913
3.2292869091
13.2077851295
4.97435188293
6.47511291504
13.403015852
1.74124789238
2.03134989738
6.2998611927
1.7895989418
1.64934396744
7.48707294464
13.2479379177
14.8607959747
2.13295912743
1.48772907257
6.31685590744
8.21391820908
29.8001320362
1.26329517365
5.1012430191
9.9579231739
2.38982892036
23.8283631802
22.4424240589
5.15563583374
7.10460400581
28.1512601376
16.0224561691
5.72066307068
1.40831112862
23.0391218662
12.7947778702
20.2792639732
1.31225800514
7.49740219116
1.76717400551
3.86512804031
1.91594195366
9.56810212135
10.0844841003
1.74624586105
1.48595905304
1.59614396095
15.9998760223
4.73154592514
1.45203089714
14.5139319897
7.99046397209
11.2135140896
9.53783011436
29.7291839123
21.6181149483
3.39648890495
2.88869690895
24.664951086
16.1207258701
7.85756492615
10.46646595
4.89866113663
9.24942517281
5.49960708618
1.46133708954
11.4958958626
23.7655010223
7.48453307152
7.14575505257
5.56246590614
5.19312596321
1.33568000793
7.78306221962
13.612801075
5.58571887016
8.48383998871
16.6193921566
1.90198588371
1.38512611389
6.39058995247
7.17705583572
2.7504799366
4.39822983742
12.9846568108
2.00096416473
1.87290406227
29.6875231266
