0.576839923859
2.35785102844
5.50628185272
0.698372125626
1.15209794044
6.24939107895
1.0927760601
0.555185079575
0.546697854996
0.884624958038
0.699767112732
0.621664047241
0.508038043976
1.55768585205
7.34178900719
4.73269605637
1.11544394493
0.554666996002
4.65218997002
0.839969158173
1.1790561676
11.7071959972
2.41947293282
0.736996889114
8.94023489952
0.898654937744
16.9004650116
0.501590013504
1.71690201759
3.77590203285
0.982235193253
0.721679925919
1.9852039814
0.657743930817
1.38656520844
0.580456972122
1.03632903099
1.31390094757
3.50929117203
0.819790840149
2.29992008209
4.96288013458
4.63884282112
1.45052480698
2.81215596199
2.30989408493
1.02524709702
0.599937915802
5.48310399055
2.17202615738
2.09378695488
1.40384411812
4.44077301025
6.85209703445
8.33997297287
0.921570062637
2.95839309692
0.669096946716
4.95633816719
0.599982023239
1.85902500153
1.04943799973
1.81834602356
4.55432486534
0.581661939621
0.874571084976
4.30397415161
0.713643074036
2.67013096809
0.924144983292
2.31807613373
8.93746495247
0.65176486969
1.08227109909
12.8241989613
2.89070820808
1.80293011665
2.25147390366
9.03943395615
8.10226798058
0.771176815033
6.80963087082
2.18064403534
0.741647958755
1.79887008667
1.65607690811
3.61757802963
9.87046599388
1.00412201881
1.5113658905
2.73922085762
1.8171479702
2.17299985886
3.11994886398
0.962958097458
0.82481098175
4.20842981339
8.88025307655
0.57053899765
0.717106819153
12.7065351009
0.93385386467
5.47746109962
2.01636099815
3.124117136
1.76127314568
0.847456932068
0.959957838058
0.878964185715
6.1358897686
0.90673494339
4.31544804573
0.734232902527
0.990589857101
5.67611885071
0.588284015656
2.15887093544
4.8007569313
0.72484588623
0.572001934052
3.24143695831
0.505192995071
0.543766975403
1.97600603104
0.635927915573
1.13397407532
4.04417800903
1.31734609604
0.501150131226
8.7495970726
2.30252408981
3.27049803734
2.47053813934
1.50210905075
9.06360316277
1.60512518883
5.77389502525
2.19944691658
1.51173019409
2.59905600548
6.26736807823
10.0391798019
0.66437792778
6.72995495796
6.75048589706
3.68692588806
0.545946836472
1.60940289497
8.97138595581
10.1996340752
6.28063797951
0.538879871368
1.15165710449
1.58623385429
7.89774012566
3.94497799873
8.69434809685
5.23549604416
0.738687038422
1.9265859127
1.94276189804
1.13746190071
4.82823109627
6.45061898232
10.0722799301
4.78821492195
14.1686630249
3.66372704506
0.653437852859
1.71508216858
0.665016889572
7.76323580742
2.42017912865
2.55258798599
5.93421196938
2.16254591942
5.17372703552
3.18153214455
0.55476307869
0.708724975586
2.91079092026
0.57138800621
1.26506900787
9.63647007942
0.638896942139
4.72836303711
15.6287839413
4.09822893143
1.91382980347
1.6294260025
4.56129097939
0.730787038803
0.659991979599
0.809246063232
0.5821788311
0.726293087006
6.384734869
0.693958044052
2.46595692635
0.689254999161
9.10363698006
2.40650510788
1.45270895958
1.14229798317
0.610212087631
2.63401317596
11.4848299026
0.519401073456
3.34867501259
2.07044792175
0.708153963089
0.929033041
6.33099603653
7.18879985809
1.21175193787
5.24716591835
2.02871799469
1.13931298256
2.70679211617
0.493050813675
1.37220907211
11.7949461937
6.46289610863
3.0871720314
0.770657062531
0.997426986694
0.723443031311
0.736748933792
7.44626402855
4.01861691475
1.67621302605
5.38625097275
3.44947099686
8.77597093582
0.569748878479
1.07696294785
7.25432801247
1.47116303444
2.02833580971
3.71249604225
3.88301587105
0.719907999039
2.89268517494
1.4683701992
1.64874100685
1.47953510284
0.596475124359
7.67044401169
0.854294061661
1.26753115654
1.89166712761
0.7090280056
2.1650660038
1.81282901764
0.724100112915
1.55971813202
14.9674999714
0.607112884521
7.68935894966
0.584910154343
1.55981993675
3.24728798866
1.71182703972
0.5369181633
0.596157073975
2.22511100769
1.63379693031
1.98502206802
20.336537838
4.84318113327
3.24580597878
0.61482000351
1.27689003944
0.560167074203
0.498682975769
4.89441609383
0.73183298111
1.98723220825
14.4497799873
0.734133005142
1.70171093941
4.0984787941
3.45313096046
1.08354711533
0.547138929367
0.587697982788
1.11601901054
2.07973194122
4.80971980095
0.682929992676
0.901571989059
0.685806035995
4.88102698326
8.15052604675
2.79742503166
0.651771068573
3.94274187088
2.96731209755
2.02852296829
0.754060029984
7.5993938446
1.15756392479
0.546024084091
1.83640003204
0.565197944641
0.575565814972
0.618971824646
2.90253281593
0.708940982819
1.65637803078
0.592073917389
0.650416135788
15.149600029
0.973278999329
9.32033109665
2.736068964
4.13643193245
3.19040489197
4.65202093124
0.589646816254
0.764698982239
3.88407802582
5.17181015015
9.91805005074
2.99041986465
3.51062679291
5.27165389061
0.746419906616
5.26107215881
1.17946600914
0.660616874695
0.716504096985
1.58021593094
4.0266149044
6.33374595642
2.10589694977
6.58866906166
0.504055023193
3.1017100811
9.92941594124
0.878291130066
0.697865009308
5.89420104027
5.28185796738
1.67441177368
3.48165917397
2.582020998
0.97744512558
1.15258193016
0.598196983337
1.50762796402
4.08460593224
3.95326399803
4.85163211823
1.32377791405
3.09914898872
0.642135858536
5.63771104813
4.25654697418
0.712682008743
0.851480007172
3.62705087662
0.64439201355
1.63042998314
2.39848399162
0.723289966583
4.80055999756
17.1081731319
3.54638504982
0.709259986877
0.673854112625
2.51054000854
3.53283309937
0.714731931686
6.14252686501
3.30688619614
3.01074910164
16.1887140274
0.886548995972
0.749772071838
0.724226951599
1.33737516403
1.93124890327
9.93142199516
0.617841005325
8.20614409447
4.43960690498
1.07234406471
0.534291982651
1.60252904892
0.794567108154
2.33705997467
2.84879899025
0.701817989349
0.636603116989
6.23777985573
0.879376173019
0.573894023895
10.9432599545
6.78942203522
6.8983130455
0.54766201973
3.87912297249
1.57109999657
7.35322213173
6.37473106384
7.2315299511
0.656435012817
0.618308067322
14.0182819366
0.67226099968
12.6044929028
2.37917304039
2.22515797615
3.60608291626
1.2691218853
3.38401317596
7.66228103638
0.703536987305
1.93802404404
13.6329410076
15.0231661797
2.1473300457
0.587095022202
0.61337518692
7.32163882256
1.15567302704
4.99260616302
7.17420196533
0.493189096451
1.93958997726
0.528465032578
6.67828011513
1.54963803291
0.578300952911
0.940733909607
1.67313599586
1.33930492401
0.741986036301
0.612112998962
1.99865007401
4.36128592491
0.79779791832
5.87107801437
0.557768106461
4.44688200951
1.16999983788
0.583418130875
0.575350999832
3.99901390076
4.55745792389
3.64261007309
0.847463846207
5.82454586029
4.39978504181
0.543972969055
5.35290813446
1.25720906258
0.561677932739
1.37766313553
2.54283595085
6.61534905434
2.19405817986
2.0537109375
0.560753107071
10.7385509014
2.66634106636
2.91512393951
1.23745894432
1.16394591331
1.20316100121
0.690818071365
3.36266279221
7.1783349514
2.09557104111
4.89504790306
3.67540884018
3.28946709633
2.71665406227
2.89367794991
2.57912802696
1.4045650959
19.9462471008
0.572569847107
2.89621305466
0.765496015549
1.78158903122
0.594954013824
1.63993787766
2.48991584778
0.551004171371
3.71133589745
4.9156191349
3.84805297852
3.8876349926
1.06719183922
2.29232621193
1.62603712082
0.978473901749
1.54645991325
0.588532924652
0.699880123138
4.36772918701
1.41508197784
3.13736796379
0.657809972763
0.572009801865
1.2135720253
1.84872412682
0.558526992798
4.59565401077
2.01454997063
1.08517098427
0.89987206459
0.601405858994
1.28573298454
0.618265151978
0.950573205948
5.74023318291
4.82543087006
1.07521796227
0.985682964325
0.638033866882
0.784498929977
2.46929717064
2.92515587807
1.51639103889
2.05282187462
0.59912109375
7.53130507469
13.7533559799
0.921613931656
2.03778290749
2.22925615311
9.12276291847
0.700612068176
10.9780049324
6.36133813858
0.567635059357
1.79881691933
1.39049983025
13.6800761223
1.53439998627
1.92718195915
0.583542108536
1.21765995026
1.86563897133
1.02015185356
7.53045797348
1.45470786095
1.07127690315
0.578495025635
1.10145807266
1.27838301659
1.05274891853
0.628889083862
3.39840888977
1.59326601028
1.24818205833
0.638230085373
3.47376513481
1.838326931
1.75940704346
1.12547302246
0.708498001099
1.531208992
0.640456199646
2.42984104156
0.690931797028
1.30595016479
3.40047097206
4.87852501869
3.78018903732
4.68833398819
3.53052091599
0.487051963806
7.90838313103
5.18556189537
1.5328540802
0.79076218605
2.26365590096
4.04596114159
1.32212495804
0.859223842621
2.2920498848
1.91042709351
0.581722974777
6.95486998558
0.571638822556
1.7281088829
4.12068510056
0.740071058273
9.41844296455
5.94485998154
1.58187818527
0.580008983612
1.05748677254
0.622813940048
5.41840815544
4.41923689842
0.724532842636
0.592778205872
4.42436480522
0.629642963409
0.543497085571
3.40554404259
3.51471590996
2.60181999207
0.65136218071
1.7906870842
3.32993221283
0.60778093338
5.75111198425
2.26178002357
0.882407903671
4.33064293861
1.60687708855
2.72138500214
0.77087187767
0.554165124893
0.546186923981
2.72866392136
3.5460050106
0.562918901443
0.534429073334
3.89682292938
4.62508201599
1.89241909981
4.08068990707
0.784603118896
2.71918511391
0.544547796249
7.68467497826
3.80164003372
13.2951030731
0.532327890396
2.54856514931
12.7579071522
1.24346590042
6.18853378296
9.19839906693
3.09249210358
0.474301099777
0.766628026962
3.81027793884
3.82585382462
1.13288998604
4.90147900581
9.30757808685
0.605629920959
5.35548090935
0.680014848709
4.94644713402
0.859157085419
1.77031683922
2.29486012459
0.560803890228
3.72625303268
4.82961988449
0.542366981506
0.693766117096
6.50035595894
16.4580519199
0.656999111176
3.46054005623
2.44764184952
2.46423387527
1.99582600594
4.12751293182
2.04440999031
0.528376102448
0.848512172699
6.50668716431
0.60390996933
0.659801006317
0.582710981369
1.38927602768
0.666058063507
1.10314512253
0.706485033035
4.88080596924
1.6910071373
0.528479099274
11.0718650818
2.2180249691
0.512157917023
1.91039419174
6.50140690804
1.41211509705
3.34893608093
0.64302110672
2.11526203156
2.67588877678
6.94598197937
4.21694803238
2.55086302757
2.84607195854
1.01173591614
5.39218616486
3.33612418175
5.99065613747
6.53809499741
1.85895395279
0.612805128098
10.9019608498
7.75750088692
2.82544612885
0.843502998352
3.26323890686
3.09505486488
0.619116067886
3.37204194069
7.36338114738
1.63374686241
0.940713882446
0.606425046921
3.27580308914
0.662369012833
6.18304300308
0.675327062607
0.620391130447
0.623844146729
0.751520872116
1.42538404465
0.635152101517
6.71869802475
9.71836495399
2.40839505196
3.64482593536
8.78192090988
2.20268297195
3.99295687675
2.15219807625
3.09270596504
0.744507074356
3.51746106148
5.69032096863
2.75456094742
13.2968640327
0.600567817688
0.603317975998
5.58310699463
0.686999082565
1.43224191666
0.586462020874
4.83267998695
1.1302318573
7.82764101028
2.37363100052
0.630429029465
10.2189209461
1.7518889904
0.831409931183
3.93684506416
12.5674979687
3.16933107376
0.66877913475
5.84339308739
0.854648828506
0.669270992279
0.652641057968
3.30198407173
0.562580108643
11.6864650249
1.57683300972
1.24743008614
5.55995702744
1.5326628685
10.5157821178
2.1729362011
1.0240149498
12.1105940342
1.73873519897
1.34524321556
1.31723308563
0.636132001877
3.42295098305
1.40363001823
3.33612704277
1.58492016792
3.30907082558
1.17029714584
11.6819310188
0.817698001862
11.2320971489
1.18538618088
3.16306400299
1.6741399765
0.776881933212
0.664344072342
0.720927000046
1.332695961
1.1362349987
0.956903934479
1.8822119236
0.820739984512
0.614717006683
2.4710419178
2.99719190598
13.3442649841
1.07899093628
0.575501918793
0.919668912888
1.71852302551
2.6301150322
6.68579602242
1.1337518692
1.68861293793
0.628206968307
0.789882898331
1.37939190865
0.6593708992
0.664916992188
0.680639982224
7.97529602051
5.69446206093
7.4794781208
2.88358998299
4.67308115959
5.14104199409
2.95794391632
1.53747797012
7.72876000404
2.18907880783
1.00464510918
30.3166840076
1.77736091614
11.8005561829
6.06812500954
9.11066007614
4.65746593475
7.97246003151
1.29835987091
0.553112983704
2.47783088684
9.36401700974
4.93291306496
2.45129609108
2.71850585938
14.467674017
3.98560500145
2.83412408829
0.699504137039
0.8709628582
6.24237394333
1.41465592384
2.37594294548
6.7541539669
0.695449113846
11.4624361992
0.531507015228
2.75430011749
0.628957033157
0.780032873154
1.82105994225
5.07304787636
8.60440397263
0.591470003128
4.76992511749
1.90525579453
3.35827708244
5.4944088459
0.655106067657
3.55125904083
0.636579036713
1.02106308937
6.15364599228
1.00224995613
0.626763105392
0.551985025406
1.06283402443
5.38144278526
1.11728096008
1.90198302269
9.78010010719
2.09785103798
0.624243021011
0.684782028198
1.35178112984
1.04825901985
6.93199300766
7.36106395721
5.04855108261
10.6942639351
3.86694979668
0.651432037354
1.68053793907
0.555084943771
5.32926297188
4.67789912224
1.91568493843
0.734484910965
6.1073551178
0.854655981064
0.745216846466
0.845293998718
2.81754088402
4.37020397186
7.09944391251
1.27558207512
3.25040197372
10.4007332325
0.481146812439
4.39130806923
0.589893817902
2.59699892998
3.75548791885
0.54217004776
1.6667239666
0.605097055435
7.09722709656
4.22317504883
3.48112487793
0.590928077698
0.850009918213
1.90666103363
2.07984280586
3.81143784523
7.24745988846
4.09303307533
3.38512516022
1.60686898232
2.63784217834
6.33028006554
7.43974709511
0.565547943115
4.49520492554
4.1212220192
0.707035064697
4.85986113548
3.81776499748
0.585746049881
0.713141918182
9.40668010712
4.27564406395
18.2730469704
3.52057719231
0.883239984512
9.29106402397
2.55826997757
0.627742052078
8.99110484123
0.649742841721
4.45721912384
1.64744520187
2.89385914803
2.09856796265
0.656143188477
4.30586504936
0.610224962234
0.539705991745
1.47968697548
0.587387800217
5.28133296967
4.51867103577
6.39112877846
1.27251291275
4.19913005829
5.05570101738
1.55424380302
8.12050199509
0.717468976974
0.732451915741
0.782720088959
3.59859800339
1.71854400635
1.5526061058
5.91964697838
11.5641560555
0.748142004013
5.99859809875
7.03354096413
0.632703065872
0.63049197197
0.932327985764
5.96736812592
0.597985029221
4.62708806992
3.83478593826
11.1038711071
1.94596815109
1.52130889893
0.522974014282
2.23752307892
11.925606966
2.01543307304
0.486768007278
1.64731693268
0.631583929062
2.87248206139
1.92296910286
11.4012022018
1.16129684448
0.731355905533
0.611059904099
0.631282091141
2.30080509186
4.82948899269
1.70339989662
3.76483011246
9.79377102852
3.70993185043
4.35003113747
0.97860789299
1.31839990616
0.63601899147
1.93671488762
0.795159816742
0.666754007339
7.01990199089
0.773459911346
0.607827186584
5.07953000069
15.1574280262
5.36362791061
14.8296420574
1.40217685699
0.886804819107
1.4454138279
0.63179898262
1.42399191856
8.03769397736
0.78950715065
1.67572307587
1.84325480461
0.777104139328
7.15689778328
1.82483100891
2.5395629406
0.600653886795
6.60186505318
0.683868169785
0.739796876907
0.452075958252
5.33625793457
0.653306007385
4.83834791183
3.86391210556
3.4149210453
1.00734496117
3.76378202438
9.1606760025
4.08755111694
5.08413887024
4.3538441658
15.137417078
3.62165021896
0.702054023743
0.679147005081
0.645579099655
4.26788592339
0.774176120758
2.97093701363
0.625418901443
0.891309976578
2.547508955
0.581073045731
1.12030291557
0.555328845978
3.39938306808
2.35802006721
0.683505058289
5.89161300659
0.651705026627
1.72880315781
1.32630586624
2.11797595024
1.63649296761
2.41275310516
10.3288331032
6.26666307449
3.53330993652
6.18387699127
0.612545967102
0.645592927933
0.627530813217
0.996163845062
2.00141191483
1.57560420036
2.34941506386
0.740092992783
6.17616415024
6.61128377914
1.15020298958
0.556383132935
4.33987116814
5.20226621628
1.19234800339
3.90959811211
6.12415409088
1.40066289902
0.554738998413
13.0872149467
2.32594203949
6.25981092453
4.0923769474
2.53337812424
3.45169305801
3.20018315315
1.86537122726
1.41843509674
0.735619068146
7.84704780579
0.493183851242
2.25589394569
1.83888196945
10.3010599613
1.59443688393
1.12132787704
7.96851396561
6.30048394203
0.584567070007
4.60554409027
1.75156211853
10.5593059063
6.34278798103
6.20819997787
5.26498007774
6.55118918419
2.51059508324
0.594027996063
0.92898106575
13.0894150734
1.10168218613
5.56413698196
1.72996687889
8.09044694901
0.592370986938
4.16766500473
0.643549919128
0.613293886185
6.50259804726
1.17839479446
0.772140026093
4.62456202507
0.661802053452
0.662770986557
5.08937001228
3.23841810226
6.36424207687
3.33636188507
1.01948189735
0.643265962601
3.16385793686
0.535460948944
2.25864291191
2.46646094322
6.90198588371
1.00946211815
0.463913917542
4.00943398476
1.48290705681
10.6434321404
1.03850698471
1.17609095573
2.9908311367
3.00423598289
0.519742965698
8.35437083244
1.27219295502
1.28436613083
1.48985409737
7.08699989319
1.52229881287
6.09290194511
0.676427841187
1.74741697311
4.59933400154
0.50768494606
1.75604200363
4.63662385941
2.89632797241
0.509279966354
2.13814210892
0.511007785797
4.05890417099
0.531197071075
10.0183851719
0.632705926895
4.63686800003
0.79785490036
13.9104239941
0.655191898346
1.09096288681
4.76955699921
3.63146185875
0.629731893539
3.54395103455
0.580899000168
8.65375208855
6.98087501526
2.49907398224
3.52736592293
6.11283898354
9.8138051033
3.36520385742
2.17482590675
5.95609998703
4.81619286537
7.52927708626
10.337608099
0.659385919571
0.613645076752
4.92952609062
3.77125406265
4.23701691628
1.28592395782
1.27595305443
6.52828192711
0.913955926895
1.10928702354
0.636024951935
5.71792912483
0.60813999176
11.6722941399
2.37019085884
3.12178301811
2.58939909935
1.11821293831
3.45493197441
0.741796016693
4.03280591965
1.91078901291
1.02535200119
3.13461494446
0.88719201088
0.537348985672
0.656130075455
3.98319101334
4.2672290802
1.16246914864
0.558485984802
0.655819892883
0.744359016418
7.79174494743
0.657394886017
4.92668700218
2.55222606659
1.03605389595
3.08762097359
1.37290287018
0.553035020828
6.29881811142
0.645709991455
2.26151609421
1.84795999527
0.580144882202
0.573300123215
4.08200383186
0.879514932632
5.23187088966
1.15146899223
3.02491092682
2.37863111496
2.29764103889
3.56300902367
0.773018121719
0.848335027695
0.629387140274
0.675142049789
2.10198283195
2.2505569458
7.62887501717
17.4418671131
1.97439002991
0.978743076324
5.34880495071
2.57845187187
0.793334960938
4.35159111023
8.29432892799
2.24152612686
5.12603497505
1.46178793907
0.6138651371
6.53289794922
0.925749063492
1.7076458931
1.2963950634
5.03880691528
1.68318891525
4.62170505524
3.96633005142
9.73747515678
8.01435995102
2.4575881958
0.683943986893
3.25232601166
0.630601882935
1.75229907036
1.85687398911
1.04188895226
0.824601888657
2.54096293449
4.62076306343
2.24161696434
2.88232517242
1.23259401321
0.988826036453
7.59580397606
8.5883409977
1.34316110611
1.39624404907
0.641785860062
0.916410923004
3.80785703659
14.0301749706
13.5737969875
6.26793313026
2.05037713051
5.58955407143
0.809508085251
1.24175810814
1.70901203156
0.718333959579
1.19749116898
6.1832048893
5.74852919579
2.18083691597
0.875767946243
3.93584704399
3.34725689888
4.13306093216
0.494552850723
5.67403507233
3.69484901428
1.08486485481
5.96060395241
3.78024792671
2.58052301407
5.14971899986
0.984617948532
2.01132702827
0.703765153885
0.723598957062
0.755907058716
1.3657810688
0.668258190155
13.2158150673
6.42448496819
6.17957305908
3.68093895912
1.18978190422
0.597140073776
0.576508998871
0.577854156494
2.86214590073
1.52855086327
3.01270008087
0.499344825745
3.89968490601
7.30639791489
0.656749010086
0.920043945312
2.95612406731
0.661123991013
0.752582073212
8.98719191551
1.0109231472
1.58385109901
6.29176187515
5.04897594452
0.587530136108
4.01518106461
2.86855602264
4.0917840004
1.78776407242
5.31342697144
0.736155033112
4.48076319695
6.03145885468
1.73451900482
0.521973133087
2.46675992012
1.10418891907
0.69217300415
10.5632510185
7.05077195168
0.738019943237
1.10823297501
11.8741691113
10.6714198589
7.20397591591
0.577208042145
0.639990091324
0.644127130508
0.931837081909
3.86146211624
9.36033797264
3.28641915321
4.81354904175
4.10124397278
4.32575893402
0.804574012756
3.23680996895
0.588255167007
5.01634097099
5.33848905563
0.780030012131
4.20259904861
0.65767288208
5.06017804146
7.6565258503
0.479476928711
1.1104991436
4.04243397713
3.22236299515
1.42836022377
3.33534598351
1.06284213066
5.59999608994
4.72643995285
1.46138119698
0.621449947357
2.11634612083
18.5119879246
0.699937105179
6.54160785675
4.64092612267
3.43913698196
3.41880702972
0.899358987808
5.37321090698
0.570877075195
0.502166986465
1.3393099308
2.42426204681
9.29624199867
2.49003911018
6.52381682396
8.11259293556
7.43737697601
1.09498000145
2.35578298569
4.52285718918
1.15269708633
3.06741786003
0.735989093781
0.573025941849
0.73988199234
0.502112865448
7.38847112656
0.601898908615
13.4442219734
0.585424184799
0.792554855347
4.11078977585
3.42107391357
0.566864967346
0.56804394722
2.80695104599
1.12332582474
0.681729793549
0.578855991364
2.39751601219
3.09783601761
7.23901295662
11.9497931004
2.06047916412
1.05239892006
1.3288090229
2.42399597168
7.61352086067
1.47162890434
2.82427191734
6.5388071537
1.6837182045
3.30506181717
0.751155138016
6.74011206627
2.33666801453
1.19456601143
3.96078896523
1.3509221077
0.633513212204
7.67470812798
1.02072691917
10.6606149673
2.81164002419
1.37264919281
1.10728597641
0.728163003922
0.660650014877
3.19296479225
2.95193505287
6.72838807106
4.77253484726
5.52654290199
5.03865599632
1.08683395386
9.23681807518
1.89752197266
6.50892615318
8.38262104988
3.15780305862
0.551917076111
0.497994184494
0.990960121155
0.88161110878
1.14909100533
0.564283132553
7.46031498909
3.79294681549
0.724862098694
2.32213020325
0.647577047348
0.802779912949
0.686884880066
2.15249705315
1.76615595818
2.36515307426
1.36444211006
1.80151796341
6.11916899681
5.31104016304
3.18466091156
9.20142817497
2.1927011013
1.84226298332
4.56818413734
0.536380052567
11.8218009472
1.03195381165
6.96862387657
2.04769611359
10.863959074
6.82543206215
9.25891709328
0.534521102905
4.9664850235
11.859691143
3.80599808693
0.600647926331
2.64444303513
10.6909930706
0.832378149033
5.55717492104
1.52079510689
6.46577191353
2.35582709312
2.81767296791
9.46330618858
6.9022231102
4.1812620163
0.569088220596
1.63284897804
6.5265109539
1.08645606041
6.95384883881
7.17324995995
4.29420685768
0.582293987274
0.575967073441
0.590173959732
0.641856908798
5.33739209175
0.811618089676
3.45004105568
4.20275092125
7.13313412666
6.47940087318
5.41614794731
0.530612945557
0.958396196365
10.5046679974
7.66303396225
3.06601810455
1.37885808945
18.7734968662
2.04462480545
7.08454704285
0.525205135345
4.54634904861
7.62985992432
10.3178958893
3.16314101219
6.78039908409
4.314494133
8.44450187683
1.55759906769
0.632519960403
7.81017994881
0.906130075455
0.613019943237
2.58042788506
2.22400903702
2.13252592087
0.670850992203
0.601581096649
1.6910841465
3.09734892845
9.34488582611
1.28531002998
10.5401079655
0.852703094482
5.00799918175
3.29327201843
1.47860813141
2.0737349987
2.52767682076
2.43813300133
2.77211809158
6.66450214386
5.13172101974
0.654722929001
5.56284499168
1.58552098274
0.963565826416
0.699856996536
5.70184707642
1.98009085655
1.22260499001
2.40942692757
1.16479706764
5.09545898438
3.18696093559
0.807739019394
1.79457783699
4.36897206306
2.40721702576
5.60840511322
4.70938110352
5.04613399506
0.707340955734
2.29791402817
2.81585097313
0.748917818069
0.611572027206
3.28880095482
1.88638210297
4.96134209633
0.565258026123
7.95187997818
2.11073899269
0.886432886124
1.75066900253
1.29341816902
2.54044294357
0.89075422287
8.08588004112
0.743359088898
0.700976133347
0.621843099594
2.2513461113
4.49354910851
3.21255779266
0.841229200363
0.61132478714
3.4768409729
0.743348836899
1.20111107826
1.02247810364
5.45325684547
1.70549106598
0.632734060287
2.98767995834
0.77879691124
0.878350019455
5.29848909378
1.381098032
1.76991486549
1.72057104111
1.78366708755
8.1067969799
2.7115778923
0.70285487175
5.26182198524
4.34204411507
0.762255907059
3.79803586006
1.83381509781
8.08688807487
1.28205895424
1.98138809204
0.498576879501
4.04857897758
1.82696390152
0.629734992981
3.4740190506
2.2838549614
2.65173196793
0.564505815506
0.61665391922
2.35930109024
5.72142004967
4.91669011116
3.64707612991
0.656008958817
3.4606859684
3.3220500946
5.7466981411
1.46094489098
0.674900054932
2.3967320919
1.868486166
1.65888118744
3.0096540451
0.747941970825
0.640085935593
4.9297440052
1.70353007317
1.62428712845
4.25206303596
0.996526956558
4.01464104652
0.674925088882
3.43938612938
4.17706513405
5.47916388512
0.833920955658
6.4009308815
9.61694407463
3.84920096397
9.79888510704
0.649967908859
0.612723112106
0.576987981796
2.81744384766
0.645637989044
1.50478410721
9.88584303856
4.50520801544
0.759392976761
0.811622858047
10.3978381157
8.18187212944
0.766932010651
1.27274513245
1.67603611946
1.39161801338
0.583719015121
3.09046506882
0.640584945679
2.02429986
0.656242847443
1.89667201042
0.63325715065
5.82141304016
0.805498123169
0.998296022415
10.2284891605
0.77529001236
1.87150001526
3.86027789116
5.64956998825
2.32419395447
0.566700935364
2.30873584747
8.35457801819
1.5233528614
0.773270845413
0.583669900894
0.629725933075
3.14947009087
0.70343208313
5.77804589272
0.710767030716
0.778188943863
1.86333203316
4.85129594803
5.49221396446
2.20556902885
3.94679093361
11.5834450722
4.4539129734
4.94682693481
3.10839700699
8.36671113968
0.857021093369
0.816291093826
3.4544980526
5.62274193764
0.512737035751
8.93281888962
0.886940002441
3.5997800827
4.08528113365
7.86875200272
2.45134711266
1.54032897949
5.36146807671
0.681056022644
5.36149311066
6.02886795998
9.29856491089
0.930499076843
1.1181769371
6.33921003342
4.457695961
1.70370101929
3.4408390522
6.2064101696
0.554883956909
0.994957923889
1.79570603371
3.50220704079
5.92983698845
5.05098009109
0.703694105148
3.61228919029
1.76236510277
0.687112092972
4.08554911613
2.53380489349
2.45239901543
8.29890108109
3.90766596794
6.14567899704
8.53147888184
8.1939470768
3.2539870739
3.57602906227
1.56606316566
0.861860990524
2.28903698921
1.82235598564
12.7226550579
4.85596895218
0.900223970413
0.961462020874
0.617805957794
4.08984303474
4.59009003639
3.35777997971
3.96937012672
0.649416923523
6.73308110237
20.0926361084
1.58555698395
0.552726984024
0.585608005524
0.607661962509
4.20982193947
0.77184510231
1.41129612923
0.92089509964
2.4590280056
0.572757959366
1.79225707054
3.74509716034
0.548783779144
1.75911307335
2.11172008514
0.741447925568
12.4696040154
0.607581138611
5.37748908997
8.21798586845
2.69433498383
1.82492589951
0.639126062393
0.737366199493
0.616534948349
2.15991306305
0.695134878159
12.0656359196
2.65400409698
0.724579811096
3.01114606857
4.60471200943
0.591989994049
2.18861508369
1.33071994781
0.605207920074
3.16173601151
4.02466797829
6.71684598923
5.20082402229
11.1238341331
1.92533111572
1.91686105728
2.73882079124
2.72795701027
4.92104387283
3.70632886887
8.86746287346
0.552233934402
1.04164290428
0.703201055527
5.74748802185
4.79115915298
3.51947212219
0.667468070984
3.4101691246
1.15849781036
0.811457872391
1.30953907967
6.3506500721
14.2021901608
0.569659948349
3.85451102257
0.559719085693
1.17160916328
1.06853294373
4.09352087975
0.568906068802
0.712154150009
0.640674829483
1.64721393585
7.83907294273
1.49084615707
1.35703110695
5.11467504501
0.54358291626
0.520244121552
4.68311095238
0.595438957214
5.97868108749
2.18045306206
1.01986718178
1.51497888565
0.894718885422
3.06797719002
6.00253009796
0.638454914093
0.62829208374
2.39337778091
19.4771840572
2.43060898781
5.67697906494
4.22370696068
1.2170779705
0.617989063263
0.782319068909
1.36613512039
4.18959999084
4.56867194176
0.898109912872
6.60650706291
1.92651200294
1.20667600632
2.88521385193
0.630889892578
3.04581284523
1.62863206863
1.0013229847
3.77663183212
8.72205400467
0.77251291275
1.83217287064
0.904580831528
4.72883009911
0.659739971161
9.1954331398
0.58976984024
16.271559
3.11838579178
0.961112976074
1.41911292076
2.76367092133
1.64484596252
0.507453918457
0.936182975769
0.670567035675
0.907052993774
2.20294284821
3.72049188614
0.621475934982
2.23689699173
1.41507005692
2.21390199661
1.90444111824
3.58293604851
9.97753715515
3.61728405952
0.728591918945
0.928999900818
4.16310310364
11.2081840038
2.47846579552
4.7296628952
2.6314098835
5.38854002953
1.99216103554
10.3495881557
2.93067193031
0.528558969498
0.578682899475
0.585100889206
5.3855099678
7.35502791405
6.2497189045
0.897174835205
0.843015909195
0.562653779984
0.572268009186
0.751718997955
4.72093296051
0.647843837738
1.8125500679
2.92288780212
0.815594911575
4.00058889389
13.3124411106
3.68687701225
6.80090999603
5.16341209412
4.08629989624
7.38926291466
2.33893895149
0.876647949219
9.1136238575
0.619153022766
5.46580195427
3.68676590919
0.561444044113
3.91347694397
6.96355891228
9.0242369175
2.02565693855
0.793359041214
0.60927605629
0.558737039566
2.23780798912
0.655016183853
0.582914113998
6.52595210075
0.604544878006
4.74012494087
1.23194408417
2.50171113014
6.47309708595
9.51752209663
3.77438497543
0.504575967789
1.65903687477
3.44670081139
1.38739800453
0.720366954803
0.863338947296
0.834578990936
4.19035792351
1.59015202522
0.499797105789
9.62977218628
5.56634998322
4.16201400757
0.596229076385
1.82836389542
0.669338941574
3.64071202278
0.750684022903
1.79221200943
14.2650609016
5.43718004227
4.47518992424
1.80841302872
1.19896101952
0.751924991608
0.646058082581
2.33589696884
5.47251701355
11.2929930687
7.00794696808
0.887085914612
2.73062205315
2.90161705017
1.06747198105
0.993582010269
1.24393105507
2.02814698219
0.836837053299
8.61406683922
7.10113286972
0.581958055496
4.81900501251
8.33166718483
0.573225021362
0.653846979141
3.70637512207
0.548535108566
2.67842388153
6.81423616409
7.51641798019
0.562336921692
1.60087299347
2.63840103149
0.673206806183
9.40038108826
0.590338945389
7.82949113846
0.666168928146
2.71966290474
1.42678403854
3.23972392082
10.7146818638
4.69080805779
3.4937338829
0.614026069641
1.15338993073
0.697051048279
7.12099504471
0.581587076187
1.1091170311
0.641803979874
1.17573094368
1.45505690575
0.849229812622
0.912941932678
5.84177279472
0.488365888596
8.08763408661
1.56196498871
4.86980199814
0.69892001152
5.86268901825
1.77906298637
3.13761997223
2.980437994
10.8755118847
3.6057009697
0.80473613739
6.03612780571
0.833788871765
4.07200098038
0.933254003525
1.80459690094
15.3848018646
3.8378071785
0.566618204117
2.50133991241
1.8064789772
4.76161623001
4.16474103928
0.748305797577
3.97844195366
0.612124919891
1.92689609528
1.23969292641
0.688495874405
8.0757830143
3.6471350193
3.29425501823
0.553667783737
2.69193196297
0.655783176422
0.527818202972
1.25854492188
1.02701210976
0.537338018417
3.29834485054
0.836539983749
0.538430929184
0.982287883759
4.06047797203
3.45590996742
5.81280398369
0.520087957382
1.5914940834
1.53279805183
0.744118928909
0.530360937119
0.886104822159
2.97347307205
0.5473279953
7.20890402794
2.67838287354
3.47570896149
6.70372700691
0.810374975204
5.18603205681
5.80190205574
1.01118993759
8.06628012657
4.69827795029
9.34659004211
2.8778629303
1.65730714798
2.07252407074
2.23456215858
2.74734592438
0.639943122864
0.573884963989
3.18792295456
4.24952697754
0.960733890533
3.26421689987
0.713598012924
1.17945313454
3.55817699432
1.81350111961
4.00609397888
5.73444890976
2.20108389854
12.4210557938
0.685258150101
1.58807396889
6.78876709938
7.16611814499
6.7597720623
3.43517303467
0.66644692421
0.701459884644
0.522746086121
0.785273075104
6.16228890419
7.04804110527
5.47766900063
5.55321598053
0.759669065475
3.84176492691
1.72187590599
0.658205032349
0.854152917862
12.1192111969
1.13604021072
10.0221219063
3.50884914398
1.08631706238
0.656454086304
0.899833917618
0.629004001617
0.559453010559
1.68627405167
5.43762302399
3.1546690464
3.61561989784
2.76355719566
10.9015130997
1.14825105667
0.570160865784
6.34987401962
1.8660390377
0.756772041321
0.800832986832
2.09555101395
0.639011859894
2.99389004707
6.49985909462
13.5192260742
2.92516994476
0.740079879761
11.222452879
0.659986019135
0.583681821823
0.671444892883
5.08232402802
0.668874979019
7.8607339859
17.0419559479
1.38690900803
0.727373838425
2.74294900894
1.64810609818
0.570647954941
0.5853099823
1.22305297852
7.13929080963
2.34113287926
8.85132098198
9.5550661087
1.06738495827
0.54588508606
1.37272191048
0.64043211937
0.585927009583
1.4016559124
0.668049812317
0.654234170914
0.70777797699
8.99236893654
3.43728709221
0.689508914948
5.55978512764
5.01809597015
3.68036198616
5.83011579514
9.26645803452
13.4003279209
16.3177289963
0.632920026779
3.45095896721
5.40000081062
0.938097953796
5.57956218719
3.06785511971
1.37029600143
1.30327486992
9.75501298904
2.34651684761
0.704087018967
6.14996814728
1.4969959259
5.55664587021
0.904188871384
2.50527310371
0.601470947266
0.504805088043
2.11447501183
1.06993412971
1.34991812706
7.13318514824
7.53190302849
4.55364394188
2.63185191154
4.81553316116
6.56464290619
10.3556339741
3.44409704208
0.52933883667
4.89576005936
5.00959610939
3.43023395538
0.684951066971
2.30597901344
0.725459098816
2.64608812332
0.582608938217
5.95674204826
0.825088977814
0.57386302948
6.02582001686
3.77421593666
4.04641699791
9.51897406578
1.11114907265
0.510680913925
1.09374308586
2.27088189125
0.58478307724
2.78919887543
0.698655128479
3.38654899597
1.82566905022
0.957545042038
0.52410697937
0.854569196701
0.902172088623
1.2298181057
1.26005792618
0.520722866058
1.30977392197
1.30842900276
8.11005210876
8.7015619278
3.98966002464
7.39738416672
0.602376937866
1.83276081085
2.18623495102
1.27096319199
5.44851112366
0.633171081543
4.39231491089
1.49504685402
2.20993900299
1.64021992683
0.865363836288
6.09711790085
0.759843111038
3.63066196442
5.29801988602
7.07446098328
6.4903409481
20.201444149
1.18283820152
4.45707392693
0.673382997513
3.48045611382
5.91212797165
0.589667797089
4.51724386215
6.59673404694
0.562026023865
2.23887515068
0.822799921036
1.56962585449
4.48722791672
14.1894068718
5.16843795776
1.84030508995
1.30436706543
3.35856986046
13.0290830135
2.26581382751
8.85372710228
2.58049607277
0.708609819412
0.676086187363
7.51215004921
2.4712460041
9.16734290123
0.602926015854
0.999764919281
3.87954902649
7.82131099701
7.57679080963
0.557898044586
5.84652495384
3.11216115952
1.50398683548
0.587832212448
0.631458997726
2.66434693336
2.99106884003
7.18491292
5.82372188568
1.29554414749
1.66648817062
6.46536397934
7.98958396912
5.16771817207
5.3854470253
1.7714240551
6.30415797234
0.55593919754
3.42859005928
2.21342301369
0.561822891235
4.83755207062
8.23326802254
0.883219003677
0.56173491478
3.51287698746
0.536370038986
3.8744571209
4.30186104774
4.33394098282
0.603353023529
1.15923285484
2.27128100395
9.73433613777
1.35434794426
0.981377840042
0.709228992462
3.38794803619
0.984489917755
2.71408510208
3.71357893944
3.07031297684
0.677872896194
5.51479697227
0.546678066254
3.46328496933
0.529099941254
1.13427400589
1.2416100502
3.04679703712
0.983582019806
0.676054954529
0.766900062561
5.28772902489
0.596303939819
0.666216850281
1.11133098602
0.76406788826
9.76788187027
1.3333568573
4.95543408394
1.73483204842
2.95287704468
0.618033885956
1.56398391724
3.4124109745
1.22689294815
0.594645023346
5.38157606125
0.586617946625
5.5709130764
6.0245320797
3.57073712349
2.03137803078
9.45262980461
4.3862259388
0.618475914001
0.632422924042
1.53934407234
3.36843800545
3.61512494087
1.26488900185
2.74091506004
0.810490131378
3.62631702423
1.05735611916
4.41289997101
3.53596997261
0.712466001511
1.92504501343
2.830108881
4.53923392296
0.835098028183
0.567332983017
1.90857791901
1.0504181385
0.925218105316
6.5400159359
0.595793962479
6.83517193794
9.18045377731
0.826519966125
1.33595299721
6.80851984024
0.914757966995
2.72489190102
2.97319793701
0.616298913956
4.29217195511
1.00715208054
1.50025582314
5.29843306541
0.518526077271
4.85643482208
0.636395215988
0.666538953781
0.988399982452
6.07668304443
0.553521871567
9.30196595192
1.7606048584
1.02035188675
4.28402280807
0.874044179916
0.619858026505
0.617024898529
0.581454992294
7.87965202332
4.69920086861
3.29468107224
0.837107181549
1.11457705498
2.22519993782
2.59807896614
7.72002792358
1.07967710495
12.3782651424
2.27683591843
4.43874502182
0.578814983368
0.617160081863
3.82002091408
1.02451300621
5.39620685577
3.27533793449
1.6325750351
0.663394212723
1.16627311707
1.32965683937
2.9052400589
3.84914493561
0.776489019394
3.95809292793
0.624740123749
10.7752141953
0.589595079422
8.02660012245
0.741415977478
0.850823163986
0.552268981934
0.690404891968
2.39647698402
9.76256513596
3.52538204193
0.709393024445
0.511168003082
0.558756113052
0.624195098877
0.574328899384
0.903264045715
2.37031817436
3.00052213669
3.49995088577
0.712306022644
1.27061796188
1.7756061554
0.957278966904
1.29020094872
0.654948949814
1.8041741848
1.28289699554
2.82207798958
3.25153708458
2.00755310059
0.712592124939
6.1802880764
0.593840837479
6.23314499855
0.623646020889
2.29212999344
5.29397201538
4.05577707291
7.63191318512
2.00666999817
1.53170204163
6.74705290794
8.43836712837
3.76280403137
3.19379711151
0.740442037582
3.7633728981
13.4215860367
3.19677400589
6.6323621273
4.08443713188
3.64681816101
1.40901184082
4.5045800209
0.72046995163
1.37561392784
5.03431105614
0.608197927475
0.595412969589
2.5281791687
5.98371315002
0.658360004425
1.26066493988
2.52431297302
2.5723130703
8.61898899078
2.57528996468
11.1129691601
9.96251010895
0.802683115005
5.65571784973
2.57976102829
3.84877586365
2.81738686562
2.84494805336
0.8226749897
1.21091485023
2.41696619987
4.25772404671
0.974284172058
3.52487611771
1.22403097153
0.682770013809
1.74865293503
4.00729203224
2.35874390602
34.5496089458
5.4800028801
4.38786792755
0.896352052689
6.37951898575
12.1001498699
2.91658115387
0.694845914841
0.534749031067
1.42223215103
0.549177885056
4.2455098629
1.39245891571
1.41386699677
1.70744514465
5.2638130188
1.55274295807
2.13129782677
0.776558160782
5.835460186
8.04316806793
1.53764486313
1.8799700737
0.690659999847
0.75231218338
0.609736919403
6.21998977661
1.73503804207
0.584764003754
0.984736204147
0.715948104858
4.1436560154
4.92154598236
1.74929189682
1.67963314056
1.13183903694
2.08469486237
0.713312864304
0.557104110718
6.88881897926
2.20393896103
7.75662302971
0.913424968719
1.96397900581
4.86853003502
2.97040700912
0.493564844131
2.24440312386
0.620079994202
5.72176289558
6.24124717712
6.66549181938
5.36838793755
3.63069987297
1.02043819427
1.7282409668
6.07614588737
6.52867388725
0.677331924438
0.50870513916
0.590456962585
3.30444812775
1.87418103218
8.14404702187
3.42636179924
2.91428303719
5.55132102966
2.72634100914
2.61545586586
3.2216668129
4.27349495888
3.1893889904
0.525074005127
0.693064928055
4.3544049263
7.1580388546
1.70946407318
3.0139298439
1.67935800552
0.499533891678
5.24958014488
2.17796015739
2.0206451416
1.9039721489
2.52686095238
0.507606983185
1.04511594772
7.82045698166
0.573170900345
1.99440789223
2.87576293945
1.43430900574
3.05696296692
7.15287995338
0.858622074127
5.34911394119
2.37655901909
8.07808279991
2.63575196266
1.71988797188
4.61177301407
2.83542203903
4.29044604301
0.703181028366
0.736030101776
1.28018689156
0.834249973297
7.25891113281
0.608596086502
6.85053396225
0.684100866318
3.84222698212
2.22112417221
1.15116786957
0.849302053452
0.59211397171
0.567071914673
2.20275497437
0.678124904633
6.83895778656
1.66953110695
2.16788196564
7.77604389191
0.630464076996
6.23250317574
0.685570955276
0.606947898865
8.82358002663
7.18889498711
7.82540082932
0.900928020477
0.522965908051
0.647435903549
0.576462030411
0.601296901703
2.25485014915
8.6787109375
4.10181379318
3.24016404152
10.5829968452
0.567392110825
5.98606300354
4.95126819611
4.20615291595
5.13256406784
3.25813603401
3.92869281769
1.27153396606
2.7486538887
1.29090714455
1.3837621212
2.41057491302
3.25668907166
0.686598062515
4.42726898193
3.34338521957
3.2397351265
0.645487070084
0.803849220276
0.656617879868
1.19660496712
1.74233603477
0.774900197983
3.03065609932
4.79419898987
4.28800296783
1.83794307709
3.85196399689
7.90464186668
0.961862802505
1.48738503456
10.2534730434
0.711098194122
0.525949001312
7.76905703545
4.66788387299
3.31819796562
0.707044839859
2.5766890049
2.26892995834
5.71168899536
1.01933908463
12.9213969707
5.26619100571
0.683431863785
1.06134200096
0.814427852631
1.96830797195
3.83836698532
0.814831972122
2.95614695549
4.16390800476
4.88136601448
0.671854019165
2.09541797638
15.9190120697
1.67018890381
10.4404249191
0.584097862244
5.16184711456
3.1960940361
2.49462008476
1.99534392357
1.70472812653
0.6439909935
1.13100099564
2.1603770256
4.52379488945
0.832926988602
1.07537317276
3.1686258316
2.30872511864
1.24965190887
0.614454030991
7.35331988335
2.36611390114
0.867786884308
0.631682157516
0.593786001205
6.0434281826
0.681920051575
1.15705490112
6.52988100052
0.552266120911
5.70909404755
2.83009195328
0.870260000229
1.38901305199
6.01753592491
0.695636987686
0.516849040985
5.57207489014
8.10931396484
0.555984020233
0.743781089783
0.650524139404
0.804091930389
0.570678949356
0.541120052338
2.30526399612
8.37658810616
0.747590065002
5.82385897636
5.11819291115
1.49715995789
1.76823616028
0.726740837097
0.52586889267
4.16076111794
2.81415104866
6.22748208046
9.44968509674
1.2625849247
1.38016319275
4.85345602036
4.26593112946
0.539512872696
0.700277090073
0.682919025421
0.574729919434
7.68518900871
0.926499843597
0.685496091843
10.5084569454
0.551913022995
5.97524595261
2.4753370285
0.532455921173
1.89488887787
6.18782711029
1.957020998
0.690747976303
1.02346301079
19.890378952
8.00706720352
0.582160949707
0.683022022247
0.729377031326
0.922885894775
0.622229099274
0.924055099487
4.01431393623
0.643293857574
3.2787270546
0.663161993027
1.05638694763
1.1626200676
1.5054500103
0.619241952896
8.65967392921
0.668362140656
0.575114011765
4.29372692108
0.561769962311
0.621142148972
4.73025202751
2.06970787048
0.636354923248
11.0777599812
0.547947883606
5.80077600479
0.526926994324
2.15093803406
4.4287250042
14.7541999817
4.15864801407
0.989010095596
0.726641178131
10.3054029942
1.08844089508
2.08050203323
0.646412849426
0.685008049011
5.54269313812
2.7977309227
5.39480900764
4.4633038044
2.04018211365
6.22401595116
0.719636917114
0.689260005951
0.743273973465
0.844435930252
0.785478115082
3.5460870266
0.624604940414
3.796667099
8.41169500351
3.72567987442
2.97632098198
2.65008282661
4.55924296379
0.972832202911
0.784937858582
0.623625993729
0.513247966766
0.565859079361
1.08228707314
3.21192884445
2.32318711281
7.45670700073
6.38259387016
5.85261201859
0.569301128387
1.82666611671
9.11545991898
1.37297105789
3.54526185989
2.24367284775
0.662487983704
10.1390600204
3.99322509766
1.26066422462
0.730520009995
0.698699951172
0.636506080627
0.677743911743
0.626735925674
0.859902143478
4.6227619648
14.3356649876
5.84434199333
0.624428033829
0.679595947266
11.9952280521
10.7749710083
3.47657084465
5.00547289848
2.62692499161
2.18410801888
2.93135786057
1.36161208153
2.01725816727
3.65238213539
6.58453893661
0.615164995193
3.42158293724
0.632934093475
0.649580955505
1.1702978611
2.26501107216
1.228703022
1.63769102097
4.92227506638
4.51105213165
4.33377718925
0.637907981873
3.59402608871
1.76671290398
1.70260500908
0.49654507637
2.71139097214
0.593232870102
3.8199160099
4.66111588478
8.71793198586
0.692602872849
0.661446809769
2.39110302925
3.92180395126
0.894364833832
5.54588699341
15.3172011375
1.71214413643
1.1998500824
1.10555291176
1.63338303566
3.92873597145
0.976720094681
0.749245166779
0.897948026657
3.83245801926
1.66450405121
2.29963612556
0.556586027145
6.30554008484
1.23916602135
6.21621394157
0.534186840057
0.512246131897
1.64909005165
0.619084119797
0.443337917328
2.62081694603
3.72019004822
0.976832866669
4.32581591606
0.72248506546
11.0414500237
5.66257596016
2.56997704506
0.63272190094
4.35500788689
0.98150396347
1.35195994377
1.97434902191
0.950778007507
1.48303389549
1.92611718178
4.64086413383
1.40778803825
9.43683481216
7.5592610836
3.18186807632
23.0706110001
0.709060907364
7.80191493034
1.40656709671
2.47588896751
0.665628194809
0.53015089035
0.414703130722
0.469069957733
3.52101802826
6.90196585655
0.778898000717
3.71937918663
1.17690896988
8.91536402702
1.53751087189
0.409230947495
2.08509397507
0.588460922241
7.71638393402
0.499700069427
5.45547914505
4.98326897621
4.9240128994
1.30501580238
2.93385601044
0.539541959763
1.76931118965
7.68372988701
0.75972700119
6.11018705368
3.82720708847
0.643691062927
0.522872924805
5.50385189056
0.608304977417
0.788691997528
5.14906001091
4.41647815704
10.7732050419
1.21148395538
0.947251796722
4.00864982605
0.500805139542
1.15293288231
5.91107392311
0.472706079483
7.39772987366
1.21106600761
7.24348402023
0.790688037872
4.28083014488
6.22231578827
2.85428500175
1.50171518326
3.3240737915
0.735983133316
7.86684989929
3.09962105751
3.42505311966
2.10423994064
9.40078997612
0.646815061569
1.39122915268
0.621658802032
5.18233704567
5.78205394745
3.19374394417
3.232172966
3.17878985405
5.56816387177
2.85107707977
2.28851604462
0.687808990479
3.8805129528
0.619250059128
1.89770102501
0.551977157593
1.07898902893
1.08077478409
3.28909897804
1.15574598312
2.66744303703
0.480464935303
0.65026807785
1.24852085114
1.25077104568
5.4376449585
2.16708302498
3.84857916832
1.27465987206
21.9943521023
3.71966385841
2.4580309391
4.94442796707
0.507363080978
2.75081896782
2.24844193459
0.538635969162
4.05809092522
0.555876970291
0.509382009506
4.8540160656
2.08082985878
6.00494098663
0.874122858047
0.727156877518
0.654231071472
0.625161886215
7.30893111229
4.10432100296
0.459656000137
4.3159430027
0.514055013657
4.53816604614
0.620627880096
5.08155989647
0.562621116638
0.720550060272
1.19327998161
2.95995998383
0.522849082947
0.979939937592
2.37663602829
2.03216791153
4.00234699249
1.04891490936
3.66134595871
7.57941889763
2.29209208488
0.657166957855
1.1529750824
1.39768004417
0.57400393486
9.98984503746
1.9047908783
6.14399909973
1.23099112511
0.719079971313
0.575953960419
11.340898037
8.01876497269
16.1737341881
2.39688801765
1.8939230442
7.00014710426
3.70569992065
0.852694034576
4.62533402443
0.46067905426
4.11688089371
7.77201294899
0.430870056152
1.1108288765
5.36485290527
1.37268710136
1.45385098457
1.10897803307
0.629080057144
1.88283085823
1.99458312988
3.28729701042
2.61758995056
9.92396187782
3.33028697968
0.463624954224
0.577799081802
0.4582259655
2.94936800003
2.93021702766
0.569804906845
3.86824607849
5.28398799896
5.29860877991
0.954047203064
0.742391824722
3.49993610382
0.703714132309
0.542599916458
0.584326028824
7.27304506302
6.65652394295
0.630954027176
0.470210075378
1.37414097786
0.451256990433
0.648790836334
0.736334085464
1.96400094032
0.672778129578
3.84556794167
2.05438280106
2.34841704369
5.71437621117
1.25183796883
0.482696056366
0.680831193924
1.78919100761
0.542917966843
7.52267122269
0.704602003098
0.681935071945
4.51119208336
2.90440511703
1.09479880333
1.49192690849
0.537670135498
1.13902902603
1.98411297798
0.609961986542
1.41446900368
0.904058933258
0.591112136841
6.06768298149
4.81148004532
3.17184996605
1.1312661171
4.64272999763
4.25850105286
2.26757001877
3.83409881592
0.759780883789
4.18894910812
1.38737392426
5.40731811523
1.42483520508
1.13494706154
1.30569791794
0.499728918076
0.714337825775
1.87264204025
0.53900718689
0.559139966965
0.4387550354
3.88987398148
1.71163702011
0.838946819305
0.504130125046
4.11381006241
1.09491991997
1.63174200058
0.533576011658
5.50298905373
1.90798997879
4.24456810951
1.21472096443
5.83125281334
1.00566291809
2.22070598602
5.66342616081
0.52156996727
0.61491894722
2.69961500168
0.46520614624
8.11380314827
5.07374596596
1.45283293724
0.503645896912
0.45016002655
1.37456607819
2.3944439888
3.2216129303
1.69133090973
1.88096094131
2.99923300743
0.632352113724
0.63606095314
0.634457111359
5.04761886597
7.97965288162
4.80562496185
3.72064995766
3.06334400177
4.74221396446
1.99808883667
6.10813212395
9.65055894852
0.590746879578
2.94144797325
0.619350910187
3.98391389847
0.485104799271
1.44040298462
1.86027288437
0.567977905273
0.541537046432
6.65932321548
0.633631944656
3.49686694145
0.54904794693
2.13357996941
4.40771698952
8.41039299965
1.95420193672
0.609631061554
2.18206095695
16.9741840363
7.77768492699
0.935949802399
0.599494218826
2.50837397575
1.19185113907
0.792814016342
2.63359498978
0.765918016434
4.9126739502
5.43459010124
3.94766998291
0.819068908691
0.93072104454
0.662755966187
7.26181602478
0.833657979965
4.67528510094
5.86645698547
6.44331502914
1.19135689735
0.828224897385
7.04637598991
0.462152004242
0.438544988632
3.0146458149
0.540342092514
0.540056943893
2.70926499367
0.511861085892
1.49177193642
4.58585476875
1.34915709496
0.466592073441
4.90169906616
4.05183601379
0.632874965668
3.23525190353
13.390805006
2.96032905579
8.87231492996
2.39669394493
0.516836881638
0.46758890152
3.87614583969
4.07530498505
4.87677693367
2.44289493561
4.43738412857
0.527032852173
0.458513975143
0.464788913727
5.39018297195
1.41813898087
0.543131113052
0.580226898193
1.03332400322
0.518310070038
1.9065489769
2.43697714806
0.442459106445
0.793654918671
1.03053116798
7.56830000877
0.736647844315
5.43224287033
2.19963383675
0.663347005844
9.1092710495
1.54351305962
0.603937864304
8.82848906517
0.531243085861
1.78117489815
0.604909181595
0.53884601593
2.0038330555
7.37944197655
5.75127887726
2.82342195511
0.485624790192
5.47857999802
0.744336128235
4.91439604759
3.49765992165
1.73898887634
1.43179512024
0.419578075409
0.980638980865
3.44370985031
0.63174700737
1.03807902336
10.3449020386
2.51103782654
3.48017191887
9.05878090858
0.662943124771
1.07890701294
8.88097882271
2.01093387604
0.630295038223
0.647748947144
0.502180099487
0.880608081818
2.94419789314
0.440228939056
0.538593053818
0.756985187531
1.34107804298
2.10175299644
1.45752215385
6.53107094765
0.453547954559
4.24860501289
0.451713085175
1.71130800247
4.55187082291
3.17155003548
2.37623500824
0.561363935471
10.5065100193
13.0290939808
0.572130203247
0.662196874619
0.793792009354
1.79415893555
3.15528607368
0.573734045029
0.57897400856
5.48173499107
0.825958967209
8.37581706047
0.812294006348
1.17381286621
0.988394975662
0.475491046906
1.14617180824
3.75207495689
3.08946490288
0.497709035873
0.764685869217
1.04240512848
0.420731067657
1.1090400219
2.54821705818
6.32086801529
1.61832880974
0.883872032166
3.48733997345
8.57867121696
2.81007909775
0.565051078796
0.455871105194
0.612761974335
6.58207511902
0.877116918564
3.56938004494
2.50266385078
0.468796014786
1.44240307808
9.93538498878
7.02941703796
0.665215969086
0.660515069962
0.577450037003
1.40570282936
0.474179983139
4.4279460907
2.89187502861
2.04408407211
0.966814994812
7.21079897881
2.59039592743
9.36441206932
1.50571107864
7.96685099602
0.653911828995
3.33183503151
1.27850008011
2.75856399536
7.95129489899
0.599291086197
2.09106206894
0.501909971237
0.54883813858
5.01349210739
7.60781502724
3.50850105286
0.895112037659
5.80528593063
0.727910995483
6.33540892601
6.81829619408
4.88386392593
0.490489006042
5.29924082756
0.434487104416
2.99135088921
3.05976390839
1.01342701912
4.32177305222
0.616288900375
4.09816908836
1.14973306656
0.629534006119
3.33671307564
0.811555862427
0.43069601059
0.678037166595
2.49446487427
0.70770406723
5.02619981766
2.47233700752
3.92591905594
0.974603176117
1.19940209389
4.96944284439
2.34952306747
9.57641410828
7.48285984993
1.63209009171
3.08492302895
10.8827741146
1.32151889801
3.82088804245
0.649152994156
0.805688858032
0.606495857239
0.615036964417
0.748312950134
1.58344006538
6.91947102547
0.552051067352
3.84171199799
0.501842021942
1.84454393387
0.562683105469
0.376399040222
1.20108318329
0.650517940521
1.94758009911
0.440989971161
0.528563022614
0.537214040756
5.22209692001
1.81338906288
0.47506403923
2.07811617851
0.527437925339
0.681910991669
3.35733699799
5.9346549511
0.72290802002
1.02320218086
2.53971195221
0.410691022873
2.74876713753
2.31248092651
4.23066616058
4.85387086868
4.11189818382
0.641702890396
0.576954841614
3.59623408318
0.754270076752
7.73248291016
0.507303953171
2.56086111069
2.02307295799
0.922872066498
0.954021930695
0.837485790253
0.777827978134
2.10186982155
1.85572004318
0.927422046661
13.9878270626
2.17089891434
0.720062017441
1.73902797699
4.11253905296
0.711397886276
1.1961619854
1.95250415802
2.44133806229
0.638892889023
0.830763101578
9.74844717979
12.1181840897
8.4412279129
7.50502800941
2.58673405647
8.14166903496
9.8885679245
0.468747854233
3.41315197945
4.39695811272
0.499876976013
2.31585097313
0.784008026123
0.537684202194
3.85476493835
9.8896651268
2.77769398689
1.7137260437
0.51086306572
15.152025938
1.12916302681
0.861452102661
2.08168005943
4.8062081337
2.1695997715
0.461974859238
2.9688642025
0.709946870804
1.69431495667
2.06909894943
1.74434494972
0.425328969955
1.21599197388
0.526933193207
0.612410068512
8.81123113632
1.60116481781
0.787217140198
1.65449714661
2.32696390152
10.9472229481
3.8397128582
3.78802514076
3.3666639328
0.744510173798
0.921569108963
5.62758922577
10.6712310314
5.47653603554
2.97549891472
2.29645681381
0.901122093201
0.498878002167
1.66937589645
0.659478187561
1.02083683014
2.30197286606
0.569103002548
2.80517196655
4.68694782257
4.28009104729
9.81949687004
0.60422205925
2.41126799583
0.528445959091
4.76826286316
0.551146030426
1.3535130024
7.68603801727
1.3880109787
4.48207306862
6.59965586662
0.977869033813
1.85788297653
3.53171205521
2.2544529438
0.881619930267
2.11241602898
0.702212095261
0.404675960541
0.86833190918
3.99879598618
1.88535404205
4.83891296387
4.221159935
0.598333120346
4.43844604492
7.1264629364
13.5035021305
0.63966012001
0.745402812958
0.394364118576
3.79497694969
2.45783400536
1.1854391098
2.05726504326
0.493097066879
3.49527692795
3.70341300964
1.19696998596
0.92217707634
0.615297079086
0.634428977966
2.03414511681
3.60267686844
0.372804164886
0.7809009552
4.86760497093
4.9431450367
0.518483877182
5.37949895859
6.78446602821
1.16922092438
5.00191903114
0.570271968842
1.45179700851
0.602585077286
0.550210952759
3.71112895012
7.51219201088
6.16362905502
1.02570986748
0.593048095703
3.17026805878
0.485877037048
1.16664290428
0.945502996445
1.21235108376
1.39365005493
0.593955993652
0.731222867966
2.41028213501
0.593420982361
4.62823700905
0.582035779953
0.798004865646
4.50898694992
3.12669801712
8.89594507217
0.518470048904
0.430660009384
0.592023134232
6.67460012436
0.433658838272
8.48271608353
3.93796014786
4.3181707859
0.530458927155
4.61721396446
5.57848501205
0.564274072647
0.471021175385
3.41415596008
3.62044215202
2.69173383713
7.60135793686
2.81809687614
3.49611878395
0.530987024307
0.835525035858
0.497611999512
1.8569149971
2.86834597588
1.60798597336
0.536146879196
2.01994800568
6.45490288734
0.679856061935
3.66407084465
1.75631904602
8.35472297668
11.7175300121
0.396969079971
10.6328639984
0.448671102524
12.9286570549
0.621464967728
7.82719707489
0.580454111099
13.5386869907
5.17762494087
0.453610181808
14.6318230629
4.94233417511
6.48993611336
1.20562386513
7.0979590416
0.599474906921
6.01096987724
6.03305697441
10.8352639675
0.863481998444
1.47758793831
0.466312885284
5.78736495972
1.80315303802
1.60968208313
3.00740098953
0.565351963043
0.467445850372
9.1740219593
0.636661052704
0.830137014389
2.11633396149
0.999000072479
5.58189702034
5.55084395409
1.77368593216
0.557213068008
0.710110187531
0.496784925461
6.43539381027
0.586276054382
1.22306680679
3.0528588295
9.64918422699
2.44603705406
0.707156896591
1.59063410759
0.619181871414
0.63666009903
14.3948049545
2.19676494598
3.84738707542
1.67814302444
0.569443941116
0.484586954117
2.47498106956
6.45127606392
6.34151387215
1.08850502968
5.60771608353
7.16752791405
3.39539813995
8.85267186165
0.44472193718
0.517786979675
1.10911202431
0.516068935394
5.74970507622
2.84188699722
3.12159180641
1.38736391068
4.70484495163
0.833056926727
8.56759500504
0.463796854019
0.582345962524
0.432358026505
0.547248125076
6.48649001122
1.17915916443
1.21823811531
0.639955997467
3.77054095268
0.646842956543
0.445822000504
5.89083003998
3.32982897758
1.6016960144
8.32433509827
6.16922211647
5.29465103149
4.72231698036
4.25881695747
0.554816007614
1.90253710747
0.941094875336
8.86373710632
4.54628205299
0.705821990967
5.83874297142
9.72133898735
0.480269193649
0.515053987503
3.23644185066
0.765654802322
3.12094187737
0.453950166702
0.478724956512
6.01297092438
5.14663004875
2.16952204704
4.65776705742
0.529450893402
1.66553092003
5.29904794693
5.52516412735
0.378139019012
5.11284804344
0.58689904213
2.0473139286
1.42438697815
5.23012590408
4.05848002434
5.98865509033
8.56332302094
2.21839594841
1.10927700996
4.84468889236
5.16458702087
0.891861915588
0.623615980148
6.10376286507
5.78203105927
3.05447387695
0.814198970795
27.9393720627
0.519044160843
3.17251491547
4.34650492668
1.12685585022
2.35024213791
4.84503507614
0.797202825546
3.83680081367
4.75073719025
1.68419003487
0.628717899323
0.530815124512
3.28234004974
2.89136481285
3.55849504471
0.458818912506
1.94073390961
0.769655942917
8.16522502899
0.693161964417
6.08978700638
5.43105983734
10.9946510792
0.463575124741
0.440228939056
2.65813398361
5.16028285027
0.731006860733
9.38683414459
0.618846893311
0.48023891449
0.853703022003
0.927241802216
1.71822595596
2.54211902618
6.00251913071
3.28283810616
7.92759799957
3.68174600601
0.704563140869
0.395664930344
1.83037996292
1.13216090202
3.50423002243
1.16227388382
2.59532308578
0.512969970703
0.632850885391
0.450318098068
2.75734496117
2.04092597961
4.06809306145
0.484309911728
2.98587679863
0.564580917358
0.426162958145
6.12957811356
0.422871112823
3.24958491325
4.61216402054
5.40103793144
6.4625120163
4.81422901154
1.01111102104
2.56195902824
1.71273398399
5.35292983055
4.8959031105
1.4050180912
3.64332604408
3.00534892082
2.51143193245
8.34338402748
0.809791088104
2.17047405243
7.66002202034
1.98144698143
0.861329078674
0.531071901321
3.70022392273
0.662130117416
0.565428972244
0.551494121552
1.192715168
7.06637001038
4.59131813049
0.574740886688
0.813772916794
1.17344903946
4.78632903099
1.40564107895
7.87315011024
0.470551013947
4.1829559803
7.71082282066
0.41602897644
0.416587114334
4.54218912125
1.48809504509
4.16002011299
0.548651218414
1.39362406731
1.15232396126
18.2693219185
7.75440812111
0.771401166916
3.6827070713
0.399616956711
8.27979302406
0.719180822372
0.645471096039
0.564945936203
7.73856401443
0.613300085068
0.422946929932
3.71402311325
7.86059212685
0.940667152405
0.61763215065
0.555944919586
7.31913495064
1.5984749794
6.19478392601
9.51979184151
4.68090605736
1.45592498779
3.14911103249
0.709753990173
1.37984585762
3.28111386299
0.681765079498
1.62368679047
0.750278949738
2.11776304245
0.426741838455
1.81807518005
2.75336503983
2.2902739048
3.51483511925
2.29920506477
0.502550840378
1.13164806366
0.415845870972
0.435560941696
0.56113409996
0.561150074005
0.632839918137
1.01236701012
18.145483017
2.07821798325
12.5971078873
0.555495023727
8.52452087402
0.710410118103
11.4563190937
0.514178037643
6.99415016174
5.88575291634
0.440534114838
1.65100884438
0.698726892471
0.569327116013
1.02933692932
0.767009973526
0.458943128586
3.28107213974
12.1343810558
1.24612617493
8.97231388092
2.62012887001
0.569669961929
7.48298811913
1.10170483589
0.457052946091
3.90202403069
5.09194207191
4.83312082291
4.70507287979
4.60733580589
3.39882802963
1.71767306328
1.61348009109
4.44678902626
1.82928609848
7.86132216454
0.639256000519
2.95911192894
1.12126898766
3.75176692009
0.597854137421
4.43851208687
1.405575037
4.78101587296
2.7602648735
1.93651390076
0.806911945343
1.20022320747
9.87689208984
4.74085998535
3.90603590012
4.76050877571
8.39777708054
5.94459891319
0.510288953781
0.445278167725
0.381308078766
4.08711504936
5.31715393066
0.609539031982
1.6816380024
4.66003298759
0.495265007019
1.78082108498
1.6906850338
0.57199883461
1.98010087013
0.602193832397
0.573539018631
0.552314043045
1.86160182953
1.96915507317
2.36111593246
5.92977690697
5.29173994064
0.683569908142
5.27399706841
0.503010034561
7.71296787262
0.454555988312
4.02007579803
0.430423974991
1.99666118622
0.65350985527
8.54581904411
0.627113103867
0.939581871033
1.62343597412
0.678699970245
3.93247318268
1.09425616264
1.39687585831
0.453744888306
4.72476387024
5.67724108696
14.2023351192
0.501165866852
0.656746864319
1.1168859005
1.23790502548
6.26788902283
3.04588294029
2.24119114876
0.495511054993
0.445878982544
3.16012001038
2.57324910164
5.4367749691
1.92606496811
11.4752500057
2.50396513939
0.705388069153
6.8194000721
3.07694387436
5.9323990345
10.0938541889
0.815352916718
3.88329100609
1.96645784378
0.430682182312
0.410057067871
2.56689286232
4.32360601425
0.450784921646
1.3855741024
3.9678850174
12.186316967
11.2880399227
4.3187661171
0.493860006332
3.65915608406
10.9039940834
1.08294510841
0.812251091003
6.71709680557
1.13506507874
4.25116300583
0.646729946136
0.470731019974
0.681955099106
2.12162208557
1.09906506538
0.551141023636
0.512506961823
0.42552113533
1.01620602608
3.53390693665
2.04081106186
5.4315340519
0.631008148193
0.953011989594
1.17550587654
0.432515144348
1.32058286667
7.90885806084
4.74349999428
4.49546599388
1.10003399849
1.74963283539
1.04171705246
2.46864390373
0.404214143753
2.78983211517
0.575107812881
0.981735944748
0.764548063278
2.22574400902
3.36832094193
1.38075113297
4.09816193581
3.79481196404
0.641391992569
6.25865793228
1.04534196854
0.676213026047
3.96557188034
1.8635058403
1.9376718998
2.43996286392
0.970824956894
5.7869310379
4.50386810303
4.86446809769
0.591876983643
1.49255490303
0.802656888962
3.26626801491
3.24334096909
0.695369958878
0.390879869461
5.21708106995
6.11918187141
7.91361093521
11.5229840279
5.11836004257
7.65010881424
4.1474480629
1.28111100197
0.672992944717
0.463823795319
0.815663099289
3.42680096626
1.44534802437
11.0601539612
0.83860707283
0.684234142303
9.94052791595
10.082775116
1.03942108154
3.40683197975
3.41272902489
6.88033008575
0.776290178299
0.68722987175
6.57955098152
0.588181018829
0.58811211586
0.376688957214
22.7544898987
0.527588129044
0.567750930786
6.44893598557
5.24878096581
0.587517023087
3.68668913841
4.79922699928
0.573372125626
10.1914789677
0.472569942474
4.46094989777
1.19320607185
3.66743087769
3.95936894417
5.80756998062
1.23888492584
9.24833703041
2.82586789131
8.59405303001
0.743077993393
0.545918941498
7.82102012634
10.6208021641
0.544062852859
9.5191681385
0.547380924225
6.28708481789
0.959925889969
0.565924167633
4.37125205994
6.12058782578
6.61733388901
1.44294905663
2.47481894493
0.500423908234
1.0202870369
0.497591972351
2.07988190651
5.12112092972
0.852707862854
0.630608081818
8.55540513992
3.40316700935
3.03396010399
4.4410598278
1.07542419434
3.77880907059
1.82032203674
0.778439044952
0.587759017944
7.60487604141
2.34345388412
2.00698685646
8.8834130764
1.48076915741
4.16658496857
0.409476041794
8.40225100517
0.429665088654
1.05958294868
1.9412009716
0.921992063522
12.4042050838
0.581619024277
1.91272211075
6.66853880882
0.501512050629
0.955435037613
1.62391400337
0.796158790588
1.99772787094
3.89957809448
1.00583481789
14.3415949345
1.91002583504
0.493470907211
1.77247905731
3.37539696693
3.03327488899
6.96661877632
1.65423893929
5.63359689713
4.986536026
10.6804201603
0.551443099976
3.344424963
1.36839008331
3.38954901695
2.17167210579
0.690140962601
3.20484900475
8.38878297806
0.640735149384
10.7413210869
0.692744016647
5.81395196915
6.29798793793
1.28926801682
0.536487102509
1.43413090706
1.38972806931
3.67293095589
0.518107175827
1.79223608971
0.641308069229
24.0700950623
1.20946502686
1.36690711975
0.721540927887
7.38888907433
9.21906876564
3.77011299133
0.513350963593
5.36080479622
7.95658397675
0.969662189484
5.21846199036
4.46765208244
3.43300700188
1.05595302582
1.25592112541
1.23752093315
2.38698196411
5.27623796463
1.94364213943
0.681750059128
0.489530801773
0.518832921982
0.519106864929
0.809292793274
5.8415081501
2.28697609901
5.60427093506
1.53117012978
0.563536167145
0.902271032333
20.5527260303
0.526283979416
4.22232484818
0.585045099258
0.461850881577
1.46971201897
1.42998814583
17.1945791245
1.16820907593
1.36980891228
0.563984155655
0.667690038681
0.533872842789
12.0010490417
0.503089189529
1.516477108
0.446573019028
1.63368582726
0.879315137863
9.89116001129
5.23192620277
2.47298502922
3.90347599983
14.4810900688
1.28408885002
0.583893060684
0.600727081299
0.582197189331
3.36187291145
1.65196084976
6.05267500877
4.32708406448
2.14702701569
2.54943919182
6.15618109703
11.3199539185
2.81510615349
0.609202861786
0.422693014145
0.767704963684
1.92261099815
2.98936200142
1.58974599838
0.538887023926
3.39340591431
4.53536200523
1.26935482025
4.35477018356
0.993489027023
0.81178689003
6.11709594727
1.16600894928
5.2047970295
7.27915883064
0.632222175598
4.94044303894
4.00468802452
5.18140101433
7.77562499046
4.33679986
0.462602138519
3.6041059494
0.5795378685
5.09644198418
0.587842226028
0.598472833633
4.64213109016
1.28454995155
0.54451584816
4.91458296776
4.0014090538
0.559463977814
0.877645969391
1.29595994949
2.02315306664
3.86039209366
3.62655496597
3.22579598427
1.48823404312
4.07423400879
10.1185598373
0.608911991119
0.476243972778
0.851922988892
2.36801290512
0.513157129288
1.95880293846
0.823302030563
3.11974811554
3.30357694626
6.37709093094
2.04667806625
1.07754302025
0.417376995087
0.582916975021
7.66032910347
0.445261955261
9.12248301506
3.06585502625
13.7874839306
0.52769112587
1.49145317078
2.69638895988
0.580867052078
2.43158793449
1.78907513618
6.25948286057
2.35818505287
0.50709104538
2.24984097481
1.07512402534
9.27131986618
3.04170012474
1.74195384979
3.00566196442
0.938371896744
0.574324131012
8.08163809776
2.57438182831
0.560436010361
0.723767995834
0.936372995377
2.01424503326
6.83920788765
10.0196499825
1.22117686272
0.596024990082
2.5173869133
4.82520508766
0.61493897438
4.75126194954
0.685521841049
7.31405901909
0.517765045166
4.68474602699
3.53399705887
2.79542279243
2.7746360302
0.658802986145
5.68262791634
0.754503011703
0.963428020477
1.22154188156
0.876205205917
0.588104963303
7.21270895004
1.77830410004
1.94893598557
4.61615109444
2.56681609154
14.3056659698
5.80688095093
0.49066400528
1.00683903694
6.44978308678
10.5997719765
0.612996101379
0.583645105362
0.547576189041
3.9614751339
8.76594996452
2.82380199432
0.557981967926
13.2348508835
2.75068092346
1.68245697021
4.99801898003
0.562139034271
0.503993988037
5.01312398911
4.9892809391
0.851714849472
0.929270982742
7.13261008263
4.19685292244
2.02586698532
12.0523428917
0.641316890717
1.34415602684
0.605883836746
4.45630693436
6.25864505768
0.965059995651
7.66059207916
11.2635791302
3.27132821083
1.2980799675
4.52467608452
0.966125011444
2.18066716194
0.844717025757
0.900433063507
3.08981204033
1.31180810928
5.32424902916
7.32972884178
12.7168591022
0.541212081909
0.687302827835
4.00319886208
2.79929590225
0.576079130173
1.22133016586
5.27672386169
0.659417152405
5.05972099304
0.625585079193
2.85462594032
3.4475979805
1.36403298378
3.76928591728
1.58318710327
1.47784519196
4.73939800262
7.4532148838
0.813505887985
0.50465798378
0.478735923767
4.20472884178
1.19577693939
0.75447010994
2.38722300529
0.478804111481
1.08719706535
3.21008205414
1.91862201691
2.95408987999
3.02868294716
0.514355897903
0.440150976181
3.47705197334
5.67421412468
2.06253409386
0.93635892868
1.15070986748
1.98808288574
3.2265560627
0.769422054291
0.529545068741
5.53149199486
0.345774888992
0.760940074921
1.25157213211
2.09517097473
2.22827792168
0.628159999847
9.63144111633
4.16929221153
2.23418998718
3.02309393883
1.45375013351
0.539747953415
0.690570116043
4.22706317902
6.20537495613
1.18344402313
1.68923521042
2.71849894524
1.00526189804
9.73576807976
0.453683853149
1.41340088844
9.1866838932
0.401942014694
6.32720804214
0.450212955475
1.09372496605
3.9816801548
6.11712408066
6.2697789669
1.05027604103
2.34798312187
1.60734200478
4.91114807129
0.687921047211
1.00511693954
0.464416027069
3.98213601112
2.84613394737
3.06677103043
0.563400030136
0.713161945343
2.32219099998
0.405833959579
4.3582341671
1.82602596283
13.0980479717
1.37968397141
9.72152805328
2.92337107658
2.19028902054
1.88206601143
3.64118504524
7.89548110962
0.510248184204
0.488714933395
1.3751809597
0.544173002243
8.40983104706
0.515072107315
6.64410805702
2.10566091537
4.13880395889
0.501461029053
0.493278026581
2.25935792923
0.875430107117
0.564022064209
1.36189699173
11.6197319031
2.11948299408
8.2928211689
0.860368013382
0.611054182053
18.9863181114
1.66205787659
0.51832985878
1.11293792725
0.390554904938
9.02836918831
1.06071686745
0.59392786026
0.434614896774
0.60194683075
1.59613394737
2.59300994873
2.71460700035
8.71960997581
0.661890983582
0.588077068329
0.463167905807
9.78349113464
2.96213698387
1.041025877
0.483341932297
0.602533102036
0.483227014542
0.620668172836
3.33315396309
2.78402304649
3.62735795975
0.692343950272
7.7576880455
3.02186489105
5.611328125
4.05565595627
2.96345496178
3.35787701607
0.696721076965
1.67220807076
1.60633587837
0.892299175262
0.871739864349
0.620218038559
4.12229895592
7.19325995445
4.74424505234
7.44599294662
10.8472700119
0.828211069107
0.550065994263
3.47259092331
11.0106549263
1.02576184273
0.452538967133
1.62972712517
3.78243589401
0.405600070953
1.48953604698
3.9904820919
0.700428009033
0.747825145721
1.5002579689
2.03316521645
1.52157115936
5.17234611511
0.578908920288
1.40282583237
4.07384896278
9.58115196228
0.517721176147
3.59220385551
5.09401488304
2.21115803719
0.808413028717
4.62365698814
7.90464091301
0.941910028458
0.519863843918
0.730785131454
1.49477100372
4.15060901642
6.22616815567
7.04742121696
1.34042811394
8.74840402603
1.29026293755
0.543627977371
6.21133184433
0.540904045105
0.42528796196
4.05148482323
2.99907279015
2.93061995506
0.890809059143
1.56505393982
1.20826101303
0.444379091263
5.13912701607
4.29938983917
8.35200500488
0.802832126617
0.463474988937
0.474752187729
4.25545191765
1.54621911049
0.555404186249
2.8913269043
2.58123612404
1.05574703217
1.65510082245
0.558636903763
0.655240058899
0.667747974396
3.3224709034
1.65972614288
1.52369594574
7.90315198898
5.33521413803
2.74075007439
1.42764496803
0.566056966782
2.8955988884
1.82617688179
0.420441865921
0.487562179565
2.92875695229
1.1040058136
2.40289878845
2.42064404488
0.630750894547
0.55789399147
1.80516695976
4.48236298561
0.839705944061
0.548206090927
4.19774794579
0.456952095032
4.26427912712
0.5132188797
5.16317510605
5.73262500763
6.15799212456
7.27355909348
0.426707983017
2.07645797729
0.655995845795
10.4455301762
0.574663162231
3.47074007988
0.428411006927
4.4121389389
0.476302862167
0.819200992584
0.450277090073
5.3339471817
1.05050992966
3.24756407738
2.5267469883
0.721674919128
0.842478990555
3.2698340416
1.70213198662
0.50096487999
0.590107917786
1.43102502823
0.422154903412
1.14472389221
0.769444942474
3.13958406448
0.984049081802
3.07953095436
9.67737603188
5.48804211617
0.441833972931
5.79247403145
0.781946182251
1.81504297256
2.0189230442
2.92024207115
24.1061348915
2.59495186806
1.34609699249
2.78077602386
0.76559305191
0.704128026962
0.775928020477
2.0214869976
5.0894100666
1.08722186089
2.66432309151
2.22755503654
2.26413393021
1.59636688232
4.60679411888
3.01062583923
4.47462391853
0.528256893158
2.38293886185
4.82718992233
0.458571910858
13.342113018
3.64600896835
0.85529088974
1.13209891319
1.25440096855
3.6367418766
5.36724019051
0.513185977936
4.38043498993
2.63975000381
1.76768088341
0.626132965088
8.79475092888
3.62494707108
4.17564201355
6.29198598862
6.47043585777
0.382305145264
11.8724720478
0.646941900253
3.26849007607
6.61161208153
0.499524831772
1.67059707642
1.30535888672
4.71330118179
1.68724799156
4.48647093773
0.525927066803
0.91855597496
0.613508939743
0.881672859192
2.8568110466
0.567260026932
7.62425088882
9.3190870285
0.458065986633
0.984218120575
1.49313998222
0.543749094009
4.48562693596
4.1288189888
4.32695794106
0.432538986206
9.72455382347
7.95963191986
0.554826021194
0.869257926941
2.50231695175
0.542290210724
1.0674238205
9.91666293144
1.16854500771
0.949491024017
7.15751600266
0.453089952469
4.98742794991
0.498924016953
0.421738862991
0.610275030136
0.406250953674
4.69089794159
0.489692926407
0.697350025177
4.86722588539
0.571873188019
0.496706008911
10.2606780529
1.00751781464
3.55451607704
0.568614006042
0.549224853516
1.44582891464
7.526679039
6.29317784309
0.865801095963
3.1364839077
3.49609780312
1.46696209908
7.88993597031
2.14974713326
0.632261991501
3.26738977432
4.25310897827
3.89411687851
0.865156888962
0.516940116882
1.32465004921
0.500910997391
0.501450777054
5.72502112389
1.85960817337
2.63746595383
4.86201190948
0.419650793076
1.75692009926
8.01367497444
0.380286931992
6.54642295837
4.85913419724
2.28991794586
1.11706089973
2.43322491646
1.31830906868
0.443729162216
1.25293684006
6.26270914078
1.17265176773
0.517816066742
3.09165096283
4.09912800789
3.62510800362
0.466340065002
3.07739210129
4.796875
11.9806540012
10.3231389523
0.430011987686
2.70254015923
0.585239171982
2.92728710175
1.9586250782
3.06234693527
6.4933180809
2.31125497818
3.22979617119
0.414304018021
2.58388185501
5.08227205276
2.7885890007
0.649191141129
0.478317022324
5.15807104111
4.15826296806
1.48493504524
0.504562854767
0.502174854279
2.31091713905
0.602974891663
4.44792103767
0.459389925003
1.20612096786
2.02910208702
2.1508731842
0.663944005966
2.78029990196
7.70142412186
0.580395936966
4.35396695137
4.42330098152
8.08853793144
0.569178104401
11.9875431061
3.78574514389
13.2471489906
0.608745098114
0.518038034439
2.87510418892
8.43042111397
1.62046694756
1.48116183281
0.470855951309
0.494056940079
0.535200119019
7.20529294014
0.519563913345
0.717597961426
0.74485206604
1.43680715561
1.68215513229
4.9931499958
4.13277602196
6.71595311165
15.0978550911
3.32052087784
15.4628961086
0.494738101959
2.98575115204
5.65048885345
3.40464687347
2.62045383453
7.96048998833
2.23316693306
3.45703005791
5.67341208458
0.60343003273
1.12379312515
1.24591898918
0.495553970337
6.56131219864
0.457543849945
0.607899904251
1.44962501526
4.98413109779
7.11073088646
0.513556003571
2.67413592339
2.14063501358
0.466938972473
3.83236289024
0.76752114296
6.6016471386
2.38149809837
11.5578539371
0.966561079025
0.467123985291
0.609035015106
0.516005039215
3.36065602303
6.95716714859
0.456954956055
0.540599107742
0.735453128815
6.54997301102
0.462000131607
0.46019411087
0.637995004654
0.816106081009
0.696918964386
1.57400393486
2.72647404671
1.06056809425
2.58299803734
0.554668903351
4.90121603012
0.508919000626
3.07122683525
2.02907800674
9.35677790642
5.21574497223
2.28687095642
1.4267680645
0.776499032974
0.595818996429
5.08411693573
4.04593086243
6.86160206795
3.78665995598
0.668619155884
0.478178024292
1.21965909004
0.625400066376
3.75801610947
0.502886772156
1.97820806503
6.28266000748
2.99592494965
4.09048104286
3.07477116585
2.94023513794
6.44897294044
0.608694076538
0.683166027069
0.739717006683
19.8766410351
0.505484104156
1.43101191521
5.70903396606
8.32492184639
0.580260038376
4.30750584602
0.701243877411
1.73277187347
0.977764129639
0.696146965027
4.7424929142
4.85272097588
3.77907800674
1.63931703568
2.32822203636
0.592969894409
5.49220085144
4.14727902412
5.43002295494
9.93115520477
2.08011507988
3.91209101677
4.91047501564
0.589412927628
0.658367156982
3.18950200081
3.73505997658
2.26186490059
4.73700809479
2.96753406525
2.62172198296
1.48738479614
1.83471393585
4.14656996727
0.622977018356
5.83061099052
0.841904878616
0.530390024185
7.83012199402
3.2205851078
4.53026604652
1.11916899681
12.1737241745
0.652546167374
3.04096198082
8.76812195778
3.32885193825
0.47988986969
2.75472092628
0.491548061371
0.415040969849
1.45829892159
1.13845801353
4.23746919632
4.02731394768
5.5592238903
9.36243915558
1.5266919136
6.43937087059
3.30135202408
5.77187085152
0.963831186295
3.93811488152
0.523252010345
5.31674098969
2.29580116272
0.481909990311
0.810137033463
2.85497403145
4.64371395111
7.66368198395
5.5691280365
0.664306879044
3.11558389664
3.39169502258
10.6547429562
0.758400917053
0.453673124313
0.591069936752
1.57590413094
0.83544421196
3.65985107422
0.553264856339
2.86045789719
7.74495816231
1.7247979641
5.80692195892
0.603679895401
3.9778637886
3.93774795532
3.37334084511
0.667294025421
10.0840568542
0.526402950287
1.42586994171
0.922178030014
8.95775794983
0.823230981827
1.66145181656
0.888509988785
9.07041406631
0.482617855072
0.459311008453
0.472184896469
2.48936891556
5.26789903641
7.94644093513
9.14748883247
2.86447715759
0.480289936066
6.69154286385
9.92568898201
0.520877122879
4.72641181946
0.483089923859
5.26480603218
1.93844604492
1.30999398232
5.39768004417
2.15423798561
4.56655406952
1.10045599937
1.03734898567
2.35467982292
0.455816984177
3.36188197136
0.787146091461
5.04143691063
1.94925689697
14.9225120544
1.31564903259
4.65979790688
0.682995080948
0.552685976028
5.02827000618
6.95387506485
0.534508943558
7.87652802467
4.23147988319
1.31782817841
0.584098100662
0.512022018433
0.504346132278
0.86306810379
4.03554105759
2.84154009819
7.48618292809
0.432479143143
0.503094911575
7.17566514015
0.565062046051
0.702830076218
3.38606309891
0.550555944443
2.24516987801
12.7739830017
0.633633852005
0.646104097366
1.82153987885
3.0530230999
2.2112159729
9.27006101608
5.6621119976
6.6537899971
1.62555813789
1.29054903984
0.847062110901
2.76342606544
1.60410094261
3.70110106468
4.66326999664
7.36709403992
4.84676790237
7.51717495918
1.24020195007
1.43929195404
0.601855039597
1.51907992363
2.60571599007
0.752948045731
0.789091825485
2.04366993904
4.36730289459
0.449002981186
0.59498500824
2.58563995361
0.569123029709
2.15293192863
2.89985609055
4.00962805748
6.28062701225
27.1338040829
5.40013980865
0.665208101273
1.62968206406
15.3312551975
4.50205397606
1.12865185738
2.73063206673
0.519268989563
0.76270699501
4.80521202087
6.23739910126
5.45719099045
5.54634714127
0.775478839874
4.15581202507
1.1743118763
5.54719305038
6.10541391373
1.17411494255
0.650391101837
0.49868106842
0.590845108032
0.507339954376
0.665909051895
0.702261924744
2.79200100899
0.713370084763
1.19269609451
4.64798116684
12.187057972
0.552028894424
0.569622039795
0.649184942245
1.53199100494
15.8772389889
0.438232183456
1.85887002945
2.36992788315
4.19545197487
2.80177593231
0.556874036789
3.74441099167
0.597754001617
3.48464202881
0.640385866165
2.81718802452
0.552531957626
0.504000902176
4.36497712135
0.992805957794
0.64337015152
4.19849205017
6.59629607201
0.515788078308
2.88295698166
1.57321310043
1.58229207993
0.545552968979
4.78771090508
1.15360689163
2.09040307999
1.3152358532
1.93568706512
4.30467295647
2.70429992676
0.804882049561
1.95557403564
2.07005405426
0.71882390976
2.5190320015
1.62570714951
0.513496160507
0.673674106598
1.40526080132
5.5436000824
0.760755062103
4.06340289116
1.83758187294
1.79809093475
9.26177000999
2.66656303406
0.63800406456
0.692191123962
10.6202890873
1.63080096245
8.07147884369
1.40990495682
4.61864995956
4.59844994545
4.19255304337
8.58493185043
0.608187913895
5.07849693298
4.8464140892
4.3763859272
6.07456183434
1.17214488983
2.15123295784
4.05369782448
0.974750995636
0.655696153641
0.608556985855
0.874663114548
0.639632940292
1.20752310753
0.617635011673
0.570147037506
0.635812044144
5.69601798058
1.42525601387
8.68905115128
5.09900689125
0.691989183426
1.42111611366
5.74320483208
0.869062185287
0.675397157669
14.999560833
0.555446863174
0.579849004745
2.78383207321
1.77472996712
12.5108630657
2.24055099487
14.827862978
6.39449095726
0.717391967773
3.97211790085
8.37776994705
1.73279809952
2.75414395332
0.567326068878
0.453188896179
3.55518698692
0.942476034164
1.58605384827
1.13491201401
12.2773640156
4.42838215828
10.7382311821
0.944361925125
0.658238887787
5.82308793068
0.425466775894
0.678766012192
15.0936598778
5.00922894478
1.31797289848
1.07118296623
5.77837395668
0.843821048737
5.07083511353
0.580601930618
5.15866684914
2.10047984123
3.87754678726
2.04625415802
3.68306207657
5.17291617393
4.54343914986
2.21593999863
2.90251588821
5.53044891357
1.78231310844
1.03593301773
8.5321931839
1.56121397018
5.94928193092
0.590470075607
0.719498157501
0.553144931793
0.522067070007
1.30893921852
4.32646799088
4.11374497414
1.29769396782
1.59525489807
0.847249031067
11.5451061726
0.612173080444
3.06445503235
9.265625
2.57702088356
0.518517017365
4.93483614922
2.20117807388
0.678869962692
2.73071408272
1.60939502716
0.495496034622
2.5408949852
8.40154504776
2.41141200066
4.20687294006
0.709373950958
1.80758404732
0.570799827576
11.296820879
7.62513399124
8.92766594887
4.59669518471
5.11979007721
2.54526805878
0.594372987747
1.70043420792
0.511723041534
0.423640012741
7.44308185577
2.30721998215
0.689478158951
4.73262381554
10.2466549873
1.64188885689
0.803014039993
3.02429890633
0.654418945312
2.65261697769
0.627820014954
3.94134688377
3.06050515175
3.15683603287
0.600250005722
1.66241908073
3.07544803619
0.491894006729
2.58067011833
5.28891897202
2.35889792442
0.771255016327
0.486528158188
2.0648059845
0.666280031204
0.678347110748
5.82670092583
0.484180927277
1.42507886887
0.416034221649
5.44590187073
0.618413925171
4.88888502121
8.02703905106
3.0908741951
2.86520004272
0.503175020218
0.546175003052
2.69446802139
7.66241407394
0.481891155243
3.25643992424
3.31069922447
7.90944814682
5.75412487984
10.0738320351
7.67219305038
0.62876200676
4.02011799812
0.381664991379
1.17609715462
3.74308919907
1.417937994
8.7747027874
0.567054986954
4.45166802406
4.95305395126
3.56688404083
0.661237955093
0.829246044159
0.598220825195
1.24491095543
1.02196192741
5.04556298256
0.832158088684
4.36659789085
0.58939909935
1.96229410172
1.81257581711
1.93978714943
0.498378992081
2.70635890961
4.71009302139
0.529946804047
0.712285041809
2.28828001022
0.500566005707
1.91401910782
6.19724082947
2.89557695389
0.992722988129
13.2937469482
2.55216002464
1.3988711834
1.60385084152
0.607044935226
8.82932901382
0.44700717926
2.40852308273
0.702934980392
2.77988004684
3.78905200958
1.75429701805
0.565775871277
3.43109798431
7.51733589172
3.62062096596
9.31840395927
0.471247911453
1.90866494179
8.88414001465
3.46351504326
6.786206007
2.29552507401
0.958032846451
3.2226600647
4.79218411446
0.86029291153
0.539808034897
0.545028924942
2.10747098923
0.549969911575
7.58735799789
0.519498109818
0.887778043747
0.460738897324
3.51844096184
0.537796020508
5.97442388535
11.7240338326
4.55040407181
4.84455084801
3.60907793045
0.589596986771
0.556360960007
2.51401591301
0.509784936905
2.02515482903
4.99547505379
0.505602121353
0.479359865189
5.2629430294
0.618090867996
6.73608398438
2.32430696487
1.11774086952
0.47985291481
6.39975810051
0.643923997879
5.52188014984
3.0957839489
4.91190600395
4.99366998672
0.56408905983
5.14423203468
4.41186213493
10.9257071018
0.549406051636
2.12953305244
4.55915498734
9.32131099701
0.504364967346
2.57401895523
1.05855488777
3.29442095757
0.511524200439
5.10882997513
0.770836114883
4.23080515862
0.470400810242
4.21878409386
2.36655306816
1.70151090622
1.21113801003
0.64656996727
0.668584108353
10.1120040417
5.40763187408
5.33919000626
14.9064218998
2.26214885712
2.26025605202
0.882127046585
0.57084608078
12.0161111355
1.0454390049
4.07444691658
0.879001140594
5.26397514343
0.496284008026
0.688178062439
8.48929715157
1.66576600075
4.81885409355
0.680885076523
7.67917203903
3.75891709328
1.97320604324
5.82138109207
1.81993508339
2.13283896446
1.4731221199
3.88490796089
6.65261888504
4.38338899612
0.692057847977
3.80823683739
0.735924005508
4.76775097847
12.3594958782
5.24307394028
0.52316904068
7.07731890678
0.926326990128
3.46074795723
4.69932699203
8.4647500515
2.27419996262
0.80456495285
3.29554390907
2.57029414177
7.32561302185
0.834037065506
1.54425621033
0.454913139343
12.1050431728
0.45738196373
4.21994113922
6.41149497032
4.54096794128
5.72973895073
1.43713378906
2.31101894379
0.559425115585
15.0102341175
6.57473301888
0.765310049057
0.799283981323
5.79143309593
1.06239390373
0.824799060822
1.0163090229
2.17656111717
1.65526413918
3.01881194115
3.31361413002
1.65177106857
1.24155402184
1.27782607079
1.60179209709
1.3523478508
7.36960506439
10.3358609676
1.20805883408
0.63979101181
0.528543949127
0.546772956848
2.10603690147
3.01545500755
1.89869213104
5.87222504616
3.66325807571
3.4988181591
4.0001142025
2.1049079895
8.44458198547
3.81177210808
7.03201794624
9.87108683586
0.699586868286
4.00353908539
15.6137559414
6.60049009323
11.6440560818
0.597925901413
0.557320833206
5.32925987244
1.64981579781
4.25730109215
0.506819963455
2.40002679825
9.02807116508
1.79286003113
8.47690105438
1.98853588104
0.524495840073
1.31082201004
0.522372961044
0.69283080101
1.11194109917
9.03153085709
0.571550130844
2.91861510277
0.926123857498
0.684129953384
1.02644896507
1.02793002129
0.582901000977
2.10831093788
0.526442050934
7.96249890327
0.656129837036
0.979052066803
0.656600952148
3.38659596443
4.18296194077
7.27960896492
1.85421705246
6.41198992729
0.555978059769
0.375996112823
12.7116811275
4.51449203491
2.74722599983
2.03783106804
12.0432269573
0.651814937592
7.68195509911
0.377957820892
7.08854413033
1.50906300545
12.2970688343
1.90709590912
0.781645059586
0.430838108063
8.60318994522
6.47350692749
0.466731071472
0.729116201401
1.62480115891
1.87192988396
0.52933216095
0.982125997543
0.472259998322
0.376353025436
0.527393817902
1.04016184807
4.06873488426
7.10061597824
1.40629601479
0.604100942612
0.679131031036
16.9638681412
6.76102399826
3.23096609116
2.80478596687
7.51965093613
1.58810710907
5.332873106
0.764933824539
5.82587194443
2.63485503197
0.399304866791
5.20555400848
1.02199411392
9.07359695435
0.8238530159
3.7389497757
0.520622968674
2.27553391457
4.09517216682
0.482944965363
0.67445898056
0.789585113525
0.394402980804
4.11083102226
3.04915094376
2.51382803917
6.01078009605
0.723953962326
15.1703438759
6.33092212677
4.20569992065
9.90345406532
5.55228996277
2.95324397087
0.774892091751
7.22855114937
4.21971607208
0.986519098282
0.970189094543
0.443979024887
5.57395005226
0.552210092545
5.48897814751
0.700218200684
2.3362660408
2.98609399796
3.64782714844
6.66872596741
0.980755805969
0.899807214737
11.0239238739
1.84657001495
2.22881007195
1.51203417778
5.45575499535
4.10017514229
8.19546794891
1.19027686119
1.1363799572
0.731687068939
0.806001901627
2.98268890381
8.67996907234
2.69929099083
3.38367390633
8.62814998627
0.813103199005
0.55504488945
2.17663598061
4.7758038044
2.78209805489
6.60048103333
1.89134502411
1.48393416405
10.4612128735
14.4388451576
0.741932868958
2.9195189476
2.81863498688
1.1236000061
0.591730117798
2.49791502953
8.84507393837
0.517439126968
0.522284030914
1.11347389221
0.462370157242
0.633683919907
2.7037088871
1.9327249527
4.52682614326
5.37432384491
0.622046232224
0.924041032791
5.57485103607
4.31487989426
6.93892478943
1.44768095016
4.43723392487
1.4824898243
0.656157016754
0.573309183121
0.851498842239
0.619686841965
1.97085499763
20.4299538136
0.567115068436
0.991540908813
8.93150091171
1.9010310173
6.61136198044
2.73249483109
12.2222619057
3.94788384438
1.00526285172
0.426589012146
0.780042171478
0.773998975754
3.64742898941
3.63620114326
0.48393201828
9.64694094658
0.513282060623
0.591538190842
4.49502706528
0.612058877945
0.560235023499
4.49897408485
15.0622320175
0.771905183792
2.01452207565
6.95728683472
1.04578185081
0.629224061966
7.18633198738
2.76411795616
2.38021802902
5.73884606361
11.3327028751
2.06343913078
0.80153298378
0.99675989151
0.830530881882
12.7673521042
0.449954986572
8.7037961483
1.99999594688
0.616969108582
1.48822307587
6.34014797211
9.12875318527
3.27487897873
3.61087393761
7.94570803642
7.65144491196
0.539946079254
0.421154975891
0.570312976837
1.08744096756
0.512033939362
0.591552019119
0.865983009338
2.05881381035
9.97047114372
1.11553192139
4.05431199074
9.86174416542
1.6942949295
0.637494087219
1.6663479805
5.37699890137
5.60667705536
0.621361017227
1.07393693924
0.463684082031
10.1900200844
4.4598300457
2.53726792336
0.657751083374
1.29709410667
0.659850120544
3.30250716209
2.54198002815
0.59143781662
2.06790399551
1.1174788475
1.00583982468
2.10418200493
3.66609215736
6.90684199333
3.81743502617
9.70017290115
1.1974029541
0.621068000793
0.432569980621
8.87458395958
5.18786215782
1.16226100922
5.88197016716
3.2992939949
2.09119415283
1.13181090355
6.61879014969
1.06426596642
1.06050491333
6.73966193199
1.47498106956
8.70279502869
2.38864588737
0.672224998474
1.14847397804
3.14739990234
0.843280076981
0.802514076233
0.674186944962
5.86200809479
2.64473605156
0.582034111023
5.08587789536
2.24016785622
3.07972717285
2.6404979229
0.589325904846
3.01935791969
0.577486038208
6.51631903648
5.01983714104
3.51066708565
0.461596012115
5.58454203606
0.440356969833
12.9627711773
4.21592497826
13.5114519596
4.22505116463
6.13491606712
1.20111989975
5.64889502525
2.28193593025
4.91225099564
1.31933307648
2.93018198013
3.3273088932
0.607184886932
4.79166698456
0.434838056564
3.35190796852
1.66631007195
6.13309192657
8.20408701897
2.126745224
1.61233901978
3.42995882034
2.91805005074
5.57872700691
1.43321585655
0.559434175491
0.496665000916
0.609256029129
1.19334197044
2.23857617378
2.44016885757
1.31686687469
5.568379879
0.592036008835
0.771961927414
5.04610896111
8.26263904572
1.60108304024
3.49263906479
1.19669485092
12.7446360588
7.12235617638
0.672247886658
0.70282793045
0.525889873505
0.919435024261
7.96699905396
0.719494104385
0.645720005035
0.593195915222
0.823631048203
3.26266789436
17.4183938503
0.78559589386
0.592520952225
0.595331907272
6.30080103874
1.06754088402
3.80890083313
0.51819896698
3.80362486839
0.454307079315
0.8696808815
2.94331502914
1.57498192787
11.6069600582
4.53167104721
8.2149310112
7.2148630619
4.93468403816
1.18642497063
3.68603491783
6.52705311775
0.710592031479
5.98638296127
0.533072948456
0.488116025925
0.665845870972
1.68097400665
0.503819942474
5.80613303185
6.4274790287
3.39834117889
1.97354197502
2.70100784302
2.90711903572
1.95781087875
0.601873874664
6.28852510452
0.520525217056
0.66893696785
3.07185482979
6.49843597412
4.90448212624
3.62576413155
2.51065707207
1.67519712448
0.459780931473
4.49581885338
1.64296793938
5.17742109299
0.846837997437
0.9002161026
0.4915599823
3.72145104408
0.569671869278
4.84174418449
0.730479955673
1.79156088829
4.88467311859
2.24387288094
1.24369883537
0.848420143127
3.74318289757
0.641681909561
7.65545892715
4.20933699608
1.27685213089
2.31040596962
0.456309080124
2.23388504982
1.22833800316
0.568799972534
1.48795795441
6.54899001122
3.83418297768
0.878132104874
1.07776999474
1.45904803276
1.76247000694
7.35827898979
1.24032998085
3.86911296844
2.95672798157
4.74150395393
0.972241163254
1.84899306297
1.88302898407
0.532278060913
0.643616914749
2.92760014534
1.63249397278
0.566097021103
0.636037111282
12.1262040138
0.740280151367
3.15693497658
0.848648071289
1.93294882774
2.13684916496
3.64837002754
0.60737490654
0.553156137466
7.59978318214
0.75323009491
0.472898960114
14.1330928802
2.90841197968
3.90580391884
2.53575706482
0.438503980637
0.679191827774
3.04234600067
4.15685486794
4.86403894424
7.6006629467
0.627225160599
20.7594270706
1.39685797691
2.02422904968
5.66114997864
0.988552093506
0.537141084671
0.881770133972
5.97814106941
2.85291814804
1.12770390511
1.60173892975
0.558753013611
0.494088888168
1.09801697731
0.704982995987
0.65008687973
0.455370187759
7.79308700562
5.93098497391
10.1044750214
0.539030075073
2.8874809742
2.76971006393
10.0334749222
0.468163013458
0.493177890778
0.509880065918
6.57936501503
1.50468707085
1.93466901779
4.96824908257
5.2580909729
0.583577156067
14.6374411583
4.54850006104
0.778975963593
2.49775910378
4.60738301277
1.07444381714
0.540930986404
0.885994911194
4.55786514282
1.63634514809
0.788535118103
1.37703704834
11.6380250454
15.4533789158
0.654736995697
1.4336271286
7.47687292099
0.597847223282
1.26750016212
3.50868010521
4.22837686539
0.483987808228
0.521659851074
4.38292002678
0.573165893555
0.978232145309
2.73108196259
0.601529836655
1.35019302368
3.71504592896
2.08810114861
0.658368110657
13.6360712051
2.85199403763
0.837302923203
0.482751846313
1.43772792816
1.41883397102
2.41827011108
2.57735013962
7.07005906105
5.19888901711
1.03121995926
1.80710291862
4.3738861084
0.477040052414
7.96174311638
4.4183921814
9.99633789062
0.643019914627
0.518554925919
0.516687870026
1.23281002045
1.99693918228
4.83519387245
0.735502958298
0.708313941956
0.528301954269
0.44833111763
1.59316897392
2.81635689735
9.6219060421
0.574975967407
3.48250412941
19.8830730915
0.542072057724
0.452476024628
7.17833304405
3.80845499039
1.5972878933
0.803478956223
2.63201498985
1.75699305534
2.34481811523
4.94623398781
1.27171897888
0.624730825424
0.370914936066
0.536313056946
0.649766921997
0.492953062057
4.22262406349
14.3040938377
9.53266382217
0.41387295723
2.40676999092
5.24575710297
5.93495392799
0.828340053558
3.48881483078
16.5583808422
5.95265984535
0.633342981339
3.06227087975
1.91362190247
9.68837809563
4.37787795067
0.792902946472
0.900124073029
0.857936143875
0.377703905106
2.74777889252
3.85099196434
1.20169496536
6.29765510559
0.462818145752
10.1377220154
2.3582611084
1.46061897278
0.58442401886
0.670758962631
1.40605282784
0.891173839569
1.06565213203
0.598457813263
3.41374707222
10.6881709099
1.67210316658
1.16946411133
0.824582099915
4.24732804298
0.795956850052
5.85847115517
0.70068693161
0.932694911957
3.34705877304
1.11606812477
2.23510885239
5.06640386581
2.76203107834
0.763655900955
0.444585084915
0.597937107086
4.44123578072
0.767269849777
6.7607550621
3.31214594841
5.70142102242
1.1075220108
3.74634885788
1.93610286713
15.2598159313
2.58408403397
1.46219205856
2.76734995842
7.63525986671
1.8877120018
14.2118887901
0.525696992874
2.65277600288
3.73792004585
7.14750289917
0.459812879562
4.29639983177
3.71494197845
2.88521385193
1.1957719326
1.17999410629
2.04632806778
4.40363287926
5.08538103104
2.89213681221
8.25556993484
7.76626801491
2.4527630806
0.476801156998
0.753642082214
0.573523044586
0.525650978088
2.75688314438
0.772349119186
11.1514010429
0.6846139431
0.460694074631
0.477483987808
0.509600877762
3.79359817505
0.88577914238
0.605587005615
0.491858959198
0.52477312088
0.526036024094
1.28229498863
7.22079896927
9.19048309326
9.12574315071
0.412718057632
0.943344831467
3.36821198463
7.08608007431
6.46174287796
5.33170199394
4.16541194916
0.629994869232
0.47830581665
2.18143081665
1.26973891258
0.615920066833
1.23760199547
0.822316169739
5.01577401161
10.2062809467
7.48229908943
1.25760889053
0.59681892395
0.679348945618
0.494037866592
8.44116020203
12.2581839561
0.418499946594
1.6042599678
0.659821987152
4.50268602371
0.642317056656
1.65338301659
0.543136835098
0.51617193222
9.45552492142
2.90925598145
0.395426034927
2.67566394806
0.407212972641
0.506850004196
1.99944996834
2.94782400131
6.38669085503
1.46531414986
0.493923902512
2.32913899422
0.531486988068
2.32841491699
2.19001102448
5.75315284729
2.47384095192
17.8027210236
4.10631799698
4.89830708504
0.643311023712
4.76086211205
14.2093160152
0.857805967331
6.80559301376
1.01872014999
0.872406005859
2.65708494186
0.659335851669
5.90071702003
0.54357790947
3.42926001549
4.51874804497
0.672634124756
0.582200050354
8.73437404633
1.97477316856
0.468410015106
0.618301868439
0.858949899673
5.71898508072
0.941732883453
5.48193597794
3.47536706924
7.54674506187
2.69561696053
5.2826461792
2.75723719597
3.32134509087
6.46491289139
0.58199596405
6.64069986343
1.30474209785
12.7135839462
0.492685079575
0.515364170074
1.14627289772
6.74176597595
5.70538401604
4.93141889572
1.64930701256
1.4131321907
9.28703379631
0.626254081726
4.45816087723
3.41868901253
0.935053110123
6.7413008213
2.3701570034
0.513443946838
0.579290151596
1.25241208076
1.67260718346
1.30278897285
14.3487229347
2.5926451683
3.2705321312
12.3381659985
6.6289639473
6.84083294868
6.16863393784
0.520914077759
1.55684614182
1.44694399834
1.75193595886
2.05764913559
0.498736143112
3.53876280785
2.47775506973
4.95709204674
4.23188114166
0.489977121353
3.79651904106
2.88077497482
0.575440883636
0.639760017395
3.15493488312
0.623332977295
3.11765384674
4.03572893143
12.4870631695
0.426409006119
4.69621396065
2.50046396255
1.21231603622
0.580816984177
0.770467996597
1.69348907471
0.825664997101
8.33957886696
0.840926885605
1.4178750515
0.474141120911
6.75068593025
0.577997922897
1.12375998497
3.16766810417
0.840353012085
4.16512799263
15.8703649044
2.6363670826
6.47625112534
0.592333078384
15.9613599777
2.92921209335
2.95906305313
1.2209148407
0.641969203949
0.523718118668
1.28101301193
1.97527718544
1.40218019485
1.72998404503
10.1240701675
7.10738611221
6.51365113258
0.925251960754
7.03125190735
4.93861198425
7.94376802444
4.89750003815
4.36493110657
2.40079903603
2.42391204834
2.65579295158
7.46832799911
5.0258731842
0.629297971725
0.769468069077
3.26146006584
3.42967700958
6.33740091324
4.03635883331
0.745792865753
3.0519759655
10.3422820568
5.76202988625
0.535313129425
3.8829228878
5.82366394997
15.9139018059
1.83362293243
1.75089287758
4.98148393631
1.867000103
0.421201944351
0.52440905571
0.629822015762
0.675477981567
3.31105208397
0.487691879272
0.995601892471
3.97732806206
9.40658712387
1.80329608917
3.57823896408
9.03187894821
0.784238815308
0.821071863174
0.721122980118
1.99068903923
12.9842319489
3.99702095985
0.757717847824
7.67441415787
3.94447398186
9.34054803848
0.586739063263
5.42713713646
0.584418058395
0.60754108429
2.0897860527
10.9408640862
7.48024392128
13.4887521267
0.550265073776
5.93845105171
1.20785498619
3.58549594879
7.9876101017
4.906457901
1.45983910561
0.578417062759
4.72909092903
2.77904701233
1.63361001015
0.824291944504
4.65153193474
2.38254117966
15.0696549416
0.886106014252
0.97620511055
0.590507030487
5.74756884575
0.805911064148
0.477567911148
3.28831601143
9.15682601929
0.679631948471
9.26583504677
0.654280900955
0.472252130508
2.74880003929
2.44516301155
2.20836997032
2.75521111488
5.63161492348
0.592535018921
3.54283809662
2.19746184349
3.16811609268
0.625540018082
1.62108588219
7.33230495453
2.17022013664
0.693742990494
5.01912999153
19.5626320839
13.1208479404
5.89754414558
0.614098072052
1.92199397087
0.497080087662
0.983339071274
1.18874907494
8.52105093002
1.42071700096
8.52799987793
7.90639781952
0.723654031754
5.24831390381
0.880256891251
0.477808952332
3.38377285004
6.26768517494
2.49344396591
10.3634130955
0.513810873032
1.14755105972
1.41481995583
0.448889017105
2.74561882019
4.61184811592
0.543016910553
11.6789031029
5.20364999771
11.4283549786
3.64347290993
4.82582592964
3.07907104492
0.843712806702
0.572299003601
2.32015299797
2.88331699371
1.22959208488
0.997888088226
3.41700601578
0.513971090317
10.0683848858
0.598435163498
7.44011592865
4.5712928772
1.43045806885
13.5660629272
0.687195062637
6.83997011185
0.541484117508
2.8186750412
3.0280020237
2.30141091347
9.0941259861
1.33443403244
8.78724312782
10.7146821022
0.720466852188
5.57333803177
0.520402908325
3.90210294724
0.484184980392
4.84032702446
1.43206095695
1.36775112152
0.644326925278
0.610347986221
0.700555086136
1.70059800148
2.12982296944
8.18301415443
2.80037713051
4.29311704636
1.5619790554
1.49483299255
1.08039712906
0.831695079803
0.608850002289
0.604626893997
0.712606191635
0.585876941681
3.36507081985
1.84980297089
2.74695897102
1.46800899506
0.730030059814
0.958987951279
9.17853283882
1.85860705376
0.837839126587
0.750798940659
1.90564990044
1.89865994453
0.856424093246
5.82599902153
4.19578003883
9.31077384949
0.97709608078
5.24452018738
1.63144421577
2.0036740303
0.571017026901
1.52347779274
3.15975499153
0.52734208107
1.07100582123
1.22662782669
1.60520792007
7.45210599899
2.37164592743
1.03332591057
5.69032096863
5.64479804039
7.26963400841
8.95970606804
1.1157579422
0.69526386261
7.10439300537
0.681677818298
1.45735001564
2.10100388527
0.579878091812
0.573312044144
0.862846851349
0.626471996307
3.53091311455
0.455256938934
0.726574897766
2.13659214973
0.65869307518
2.69986891747
0.687572956085
0.462955951691
4.65177297592
4.95245599747
