2.32953500748
0.148598194122
0.129270076752
0.135874986649
0.159598112106
1.84761095047
0.264844894409
0.259691953659
0.127295970917
0.131662130356
0.7424659729
0.147023916245
0.142631053925
1.00875806808
1.17669391632
0.170918941498
0.142575025558
0.538936853409
0.522373914719
0.392990112305
0.169401884079
0.118182897568
0.206762075424
1.38301801682
0.124440193176
0.181280136108
0.158895969391
0.921273946762
0.220323085785
4.13429713249
0.184221982956
0.142207860947
0.290760040283
2.0357401371
0.164199829102
0.199637889862
0.42049908638
0.213397026062
0.223409175873
0.237333059311
0.20902299881
0.134702920914
2.40027403831
1.72731590271
1.12511110306
0.190464019775
1.34685611725
0.75298500061
1.92925596237
0.124763965607
2.18333292007
3.04863786697
0.189502000809
2.17725992203
0.40885591507
0.744716882706
1.57679915428
0.128469944
1.44463515282
0.495959997177
0.212867021561
0.630658864975
0.625533103943
1.73138284683
0.199039936066
0.704935073853
0.140340089798
0.133673906326
3.37438297272
0.115921974182
0.485038995743
0.117222070694
0.503494977951
0.138591051102
0.346853017807
0.337582826614
0.169408082962
0.476973056793
0.503309011459
0.152060031891
