2.72730183601
9.91291093826
10.7930710316
3.51642799377
2.65911388397
12.4595770836
1.77275204659
1.62033605576
1.52733683586
0.84884595871
1.01276087761
8.16024112701
21.920580864
1.19673585892
1.10469698906
5.389108181
1.7789709568
1.48229002953
5.5968580246
3.59184384346
3.6619310379
1.72745585442
7.60609698296
4.72777104378
2.11544203758
8.9400742054
18.2065410614
22.6995170116
15.6371071339
8.99383211136
4.44792103767
11.2348771095
1.3805000782
2.58225893974
1.26893401146
4.81242895126
6.87705302238
1.41282391548
3.04258513451
5.63346791267
3.64407992363
2.13998413086
5.70551514626
7.78092193604
11.2292289734
13.3140730858
17.9387168884
5.8425590992
6.7805480957
0.858887910843
7.40028190613
13.2065558434
5.39978599548
8.0076007843
2.73511791229
0.898520946503
1.01841211319
2.14005494118
5.63651204109
1.42116689682
5.01115989685
10.9560120106
1.04773402214
14.7753520012
4.15927791595
1.95970797539
6.47749209404
3.9076859951
24.9496910572
14.1767520905
0.978739976883
24.6090130806
24.9848401546
16.4942169189
4.0718460083
1.06505703926
1.60717511177
5.56400513649
10.6988282204
1.49724411964
33.2420840263
1.79289317131
17.8638110161
1.19734382629
2.47421503067
