362.463093996
33.7439389229
31.0391988754
31.6479461193
87.333917141
121.418204069
354.86157012
300.885473967
81.8236348629
13.555254221
52.7544341087
565.37893796
33.8672919273
306.239576101
73.643476963
33.0322358608
160.46705389
97.7135560513
269.181986094
48.3917789459
159.551166058
280.480650902
37.8546938896
107.358109951
141.625169992
46.9530510902
88.4677641392
69.0313761234
28.52541399
255.36532402
235.270750999
80.5517480373
497.294292927
630.488174915
274.328846931
16.6697800159
54.9617030621
351.602144003
372.213766098
156.029470205
34.0252509117
651.546942949
239.452174902
15.5326988697
173.218564034
133.662264109
341.362947941
182.943512917
834.860637903
14.2290849686
920.646635056
124.331902027
170.409283876
85.8686990738
73.5947699547
363.896460056
133.918398857
77.8505630493
148.483315945
501.519481897
138.374315023
81.3090059757
57.8078651428
32.6563911438
1596.56885409
120.927796125
177.684548855
322.903764963
17.0548319817
65.1355519295
330.301202059
14.8123180866
254.304651022
16.6409461498
239.290205002
14.2672030926
112.529103994
391.23207593
309.299898148
201.427610159
366.658895016
711.13388896
115.414576054
50.2539389133
158.088647127
49.2225790024
248.658576012
607.423004866
572.644369841
48.6051468849
87.1330459118
162.405164957
446.983464003
365.989454031
85.0616269112
163.196161032
116.662562847
399.071692944
356.26079607
406.332304955
86.4653110504
660.730720997
396.168922901
339.866467953
454.481890917
300.716452122
183.625349998
125.069820881
65.6383550167
52.4121689796
30.3172991276
205.055868149
382.005316973
534.729146004
61.1084609032
669.476584196
927.447201967
12.2451219559
13.9827589989
122.495801926
546.950973988
73.0252239704
143.683632851
176.248569012
187.832823038
131.470788956
60.9194409847
519.162024975
130.633681059
449.972206116
309.36724782
124.238558054
523.620356798
69.7200520039
15.6230721474
301.370638132
483.249394894
36.6356580257
155.249495983
13.6123101711
82.5436460972
115.919237137
200.101152897
1243.25587988
258.204652071
440.687834978
164.96974206
416.707297802
83.0191709995
63.7222080231
48.7069120407
58.9045729637
96.7795348167
258.746302128
85.8863940239
150.126924992
134.60351181
269.414139032
219.604242086
84.446475029
398.006516933
29.921243906
305.152091026
499.945091963
257.821856022
164.787379026
308.990782976
641.984869957
77.5497720242
171.409836054
44.0927290916
345.516653061
701.308880091
137.263683081
144.15664196
24.174353838
108.792811871
43.7670471668
100.323282003
98.6179509163
84.5152878761
444.44412303
195.197427988
218.416852951
266.303806067
160.681968927
33.0201258659
383.491165161
100.976948977
329.449613094
328.384405136
130.496203899
140.798888922
161.81648612
280.331250191
160.55489397
57.1015548706
33.6570179462
236.764072895
15.2118070126
107.463624954
80.349572897
79.6676409245
643.148490906
100.223413944
68.3978381157
266.122509003
25.03480196
291.582401037
83.2410881519
441.320879936
158.319828033
68.1263051033
15.8280768394
15.0121312141
704.376654863
167.672710896
300.728798866
91.9554111958
283.554072857
498.676598072
65.5174469948
244.534198046
212.280386209
47.9569349289
123.149523973
450.120893955
150.930598021
106.875208139
123.500048876
29.6957299709
638.484083176
13.6666641235
30.1589457989
380.642616034
281.252565861
551.213655949
181.366971016
589.470211029
331.323925972
58.9483320713
13.6878650188
142.176748037
15.901581049
172.068240881
337.528620005
390.315755129
49.7371320724
490.248099089
530.389950991
373.683553934
142.621547937
14.5464231968
56.2761800289
