22.5391349792
4.89919495583
3.88836789131
24.9000740051
11.7186019421
13.6244838238
16.4898080826
2.92010307312
16.9813809395
12.1552498341
3.48542785645
19.0291209221
6.03890514374
15.4105348587
36.340223074
23.6939969063
19.7461640835
10.7110171318
48.0475399494
15.0295670033
23.5264079571
35.0888009071
9.20349287987
3.25591111183
31.4128921032
38.1867899895
13.2269361019
30.0896070004
2.7974960804
24.6579918861
81.074999094
75.2245128155
3.36758780479
10.4976751804
4.56798791885
5.92621207237
21.8288419247
96.4374079704
11.3357830048
35.5169830322
29.8868908882
4.55479288101
15.3442058563
94.6705210209
31.0006978512
37.2654509544
3.00469279289
3.65866684914
16.4788219929
9.45985507965
12.1286859512
116.068485022
10.233755827
67.217856884
19.8944458961
10.3781380653
4.58348083496
7.41097307205
38.2409279346
49.6698498726
10.745773077
17.428290844
5.34104990959
20.1344521046
17.0584461689
9.0880510807
7.42287492752
17.9725940228
28.1302449703
8.12921094894
57.2695438862
12.6515240669
68.2728419304
49.5257849693
28.8343529701
11.6142261028
12.0436689854
12.442980051
7.21446084976
12.0473608971
3.73316001892
28.9585711956
