2.28987908363
2.67088389397
12.6588509083
4.74545788765
14.3488950729
6.39093899727
2.2654941082
3.21053600311
14.2182440758
44.6916999817
5.0049238205
10.3878469467
20.1092400551
15.7715280056
12.2604358196
5.04963588715
18.3867499828
6.18845796585
8.85213494301
17.7869398594
13.8126940727
9.77198696136
10.4674129486
20.6157801151
33.0176301003
2.13285088539
21.6301391125
10.7519659996
7.23117208481
5.37015008926
4.27969312668
11.8717861176
13.3491358757
11.7032527924
12.8434209824
32.5091369152
8.38042211533
11.2417440414
37.5089969635
17.9266319275
1.93105697632
3.31005096436
11.0267391205
11.5415248871
4.35891914368
2.29928088188
3.1576230526
18.9179859161
8.7810280323
31.0995230675
15.7492570877
6.54401087761
20.3505220413
19.4023058414
7.81907510757
7.34922385216
6.57190108299
2.10913491249
19.3270869255
26.2370610237
6.36877083778
16.8323709965
2.43886899948
7.25916409492
2.16069293022
2.18858003616
7.11700105667
9.98267698288
13.8463470936
9.88159608841
5.7714869976
3.6973669529
2.71467494965
6.44095110893
38.5428168774
6.56080317497
2.70550894737
18.4539790154
21.8431420326
12.8723990917
2.59001207352
35.5671169758
8.94660401344
23.2167110443
30.6682898998
15.387460947
23.8397769928
5.54186201096
10.6167221069
9.95190811157
11.4546649456
5.30306982994
13.3387620449
6.01782083511
38.0210371017
2.33967900276
4.67831206322
14.9119720459
2.42709994316
7.5753018856
14.3612859249
15.2175791264
22.0795211792
2.39172482491
7.37604212761
8.36620807648
35.3602740765
15.2553110123
20.8107290268
29.8991370201
19.2184438705
2.05376386642
2.22183585167
37.1939430237
18.6711268425
2.45359897614
2.18639278412
4.70288395882
35.0233519077
10.5023331642
2.3296751976
8.46602988243
14.6727268696
10.6638331413
6.34460186958
29.2568500042
6.22309017181
19.8117539883
6.96610116959
6.26365208626
5.02486896515
4.18323898315
7.25566911697
7.8603951931
17.9368751049
15.2375991344
14.2424221039
36.3614439964
33.5191099644
8.37585091591
5.48196601868
15.614467144
16.3451659679
6.8312959671
15.3789579868
72.214345932
53.4286220074
5.07875919342
4.60144996643
15.7540099621
19.701335907
22.6421921253
1.99182605743
14.442606926
4.62977099419
14.9767189026
6.56306791306
2.25922012329
17.1494429111
18.8376858234
8.78635382652
11.4759001732
6.34565997124
40.0761599541
23.6146411896
14.4448270798
17.4105730057
58.1930861473
11.029708147
9.70793914795
56.1835029125
16.5638868809
16.5763339996
