142.887756109
1225.81705785
1790.13371396
249.712462902
2653.27117896
842.210988998
50.935751915
398.857903957
263.439529181
669.13066411
57.4495470524
305.08001709
721.013076067
1082.17990518
547.808608055
674.973150015
1271.98207307
723.28222394
154.89044404
839.137776136
693.664436817
529.159295082
621.644813061
953.234683037
897.66979003
1138.99540401
29.3208079338
643.268290997
226.533448935
602.92830205
481.86583209
587.316000938
1204.27804995
241.005184889
339.864574909
312.334431171
356.436295986
221.253706932
741.054255962
984.140017986
71.7577109337
1025.38210297
893.167248011
167.929563999
153.013978958
79.3660891056
987.896661997
1739.44264698
1782.03975916
1838.50405884
953.856502056
202.154093981
288.390971899
273.432880163
452.885838032
425.046396017
26.741079092
140.237857103
591.352782965
89.2096879482
243.735665083
88.7931408882
485.001292944
403.034745932
623.968388081
294.556185007
73.7530210018
274.025467157
759.671821117
29.5964400768
265.094497919
1629.94256997
187.01206708
575.324141026
282.016457081
25.4859681129
808.150918007
487.897222042
1722.01981592
352.600857019
