5.5399210453
2.57372999191
1.84565496445
0.136807918549
1.09365105629
1.69665503502
4.44713282585
0.155282020569
7.49731206894
6.91263818741
1.09318208694
3.10801100731
4.90784978867
0.175810098648
0.0613770484924
0.727032899857
0.66255402565
2.35099220276
2.79867982864
0.830358028412
0.123655080795
0.740774154663
0.937478780746
0.0783739089966
5.66521000862
0.169904947281
3.40694499016
0.0764050483704
0.110762119293
1.06923103333
1.11640882492
8.80301380157
0.111286878586
0.0581781864166
6.85915803909
1.10420894623
0.0837688446045
0.0534090995789
5.14462304115
0.0952429771423
0.228356838226
8.21461796761
6.32860994339
0.863780975342
0.189211130142
0.0551319122314
0.713713884354
0.956078052521
0.0826871395111
5.59162712097
0.616184949875
6.81798505783
5.12020492554
0.122046947479
0.189795970917
0.281237840652
0.89673614502
3.8773920536
0.410048007965
4.73990416527
0.346915960312
0.101829051971
0.760157108307
0.731271982193
0.847211122513
1.42512798309
0.050281047821
0.0570540428162
0.805616855621
1.07475614548
1.89510798454
2.33135509491
0.0582091808319
0.398896932602
7.27987980843
1.66769719124
0.0654199123383
0.813976049423
1.82227516174
3.62995910645
2.91622209549
5.33507704735
0.0834469795227
0.178092002869
0.453662157059
3.72368192673
0.158107995987
1.58146691322
0.103329896927
0.0946500301361
0.815615177155
0.785491943359
4.36140298843
0.0830991268158
3.14809513092
0.0847380161285
10.9982500076
0.0946111679077
0.380565166473
0.14275097847
18.9900150299
0.101186990738
3.18989014626
0.0607750415802
5.37511992455
1.69514799118
1.71460199356
1.94024705887
