19.9982860088
287.958929062
5.83537912369
74.0623860359
16.3989970684
27.3089370728
45.4147229195
6.52734994888
23.0402169228
5.38696193695
38.6128220558
4.98237895966
4.9353890419
5.32494807243
5.4809820652
75.0386550426
6.44872808456
52.6556417942
5.82101297379
72.0570650101
66.3774571419
28.4303519726
17.1243300438
63.2251508236
41.1325471401
5.96547293663
17.713146925
87.3449270725
57.1349210739
12.5499000549
5.48090815544
40.9848761559
6.50850892067
149.050179005
5.56644797325
88.9367961884
17.9816570282
7.00432515144
20.756772995
5.14146614075
59.0150258541
40.8205778599
5.35329008102
5.14492702484
18.7504320145
81.0667431355
11.3356070518
33.8401420116
16.2704758644
56.1469190121
5.3601899147
19.864798069
57.0880360603
13.9996681213
48.8756649494
