7201.1
1590.34865999
1336.48224187
76.0682859421
247.09404707
176.780586958
1500.74978209
168.045458078
256.888291836
584.976442099
201.459785938
755.603040934
727.461194038
254.784687042
1947.43597388
1002.94575787
924.764346123
3079.57711887
162.41680789
1528.12950802
636.406224966
1110.933743
454.950396061
873.074001074
2256.29234505
251.90080905
829.995279074
176.145294905
716.47665906
1565.60990405
2829.81839204
1658.27742505
528.410052061
541.909580946
1147.07709503
1868.946594
702.884343147
519.901263952
448.16031003
391.043013811
364.359053135
1160.36402202
1211.97498488
940.329208851
594.236129999
2221.53930616
1616.694695
737.589847088
165.66535902
2106.76629281
86.9078550339
592.687538862
3004.8970921
2850.45487189
2628.98098111
975.679417849
610.551936865
459.941069841
998.112646103
1548.34348488
3220.82600904
161.395412922
90.6923279762
888.369282007
820.855943918
384.4584198
281.317093849
541.932755232
1361.17155099
1118.32696104
1351.0187881
2562.07695603
1424.27535796
2705.18412995
343.077237129
2904.92699409
170.401115894
1038.49769688
252.961368084
1328.35674596
254.026177168
2049.67941284
2519.45538092
