26.3981940746
141.529425144
113.293577909
96.2792429924
46.0781989098
291.913815975
40.6312830448
145.683796167
35.7877600193
73.1811621189
125.919674158
47.9708499908
22.1862418652
41.732997179
47.2009520531
185.444885015
71.2023921013
19.5236179829
253.869211197
16.2906301022
317.291681051
233.295752048
60.1310040951
34.317677021
164.686959982
45.0520279408
275.435506105
50.1984250546
286.747936964
250.754116058
46.3678309917
162.826390982
135.743083
376.642349005
38.7273778915
258.320756912
15.7637951374
157.137490988
44.9628400803
42.5591459274
30.1856608391
145.338809013
