17.2989878654
21.7002091408
1.22298598289
7.54861307144
1.14712691307
1.79764008522
1.32152485847
61.8337528706
2.41347098351
12.042124033
3.41630911827
1.18901705742
0.927666902542
16.4517738819
4.74015784264
7.86465787888
4.42699718475
2.44839000702
2.1606361866
10.4130489826
2.20791101456
5.4525270462
3.91247606277
1.13031601906
22.7797970772
19.9390048981
1.16084718704
12.4004118443
10.1338698864
1.59173297882
4.08286690712
15.0154061317
13.4616549015
2.91449904442
2.83074808121
3.33933901787
1.70352911949
7.51897001266
1.73125386238
1.25879001617
8.59157299995
1.2262570858
12.876983881
59.5165848732
64.8453581333
8.29281592369
14.9549970627
1.60141015053
67.3297379017
5.42509293556
1.04395008087
1.58179187775
19.8436059952
3.45273804665
3.45704293251
9.93332219124
1.15575909615
15.6717908382
29.3059210777
2.64662504196
17.3973200321
33.9528210163
2.32409787178
14.1098098755
19.3892040253
99.9987909794
3.37127995491
9.11330509186
52.8034768105
9.34724092484
1.26513409615
14.7611320019
26.7253789902
105.202015162
3.24308395386
1.12463784218
1.17220497131
11.60729599
3.62326693535
51.5086128712
1.32428312302
29.6841831207
6.26478886604
9.67999815941
20.0064189434
2.2458178997
1.9529209137
