663.425569057
442.864713907
172.136270046
783.228555202
768.031006813
152.036033869
677.003773928
342.288000107
344.375451088
625.217181921
38.3702158928
663.06090498
77.256218195
2976.4449029
466.484353065
479.138601065
2718.76902294
108.240417004
181.177302122
499.913784981
249.363619804
244.960282087
299.224075079
430.950300932
38.6461629868
569.337475061
92.8313589096
282.673353195
94.3913180828
43.7534980774
123.068176031
454.880155802
724.255886078
460.146569014
196.002794981
104.363903999
47.6031811237
447.886796951
477.32270503
168.647857904
39.3254060745
324.616943121
102.683295965
192.693242073
787.006447077
376.564499855
1363.72516203
592.069557905
371.57004714
303.486236095
941.839253187
671.066289902
355.325502872
155.585305214
121.539401054
417.104789972
92.0881609917
557.171573877
248.700624228
1004.18107891
441.556192875
147.11388588
305.698770046
37.0840630531
446.324568033
41.3618950844
81.5054531097
43.9976501465
300.842100143
352.317972183
289.669142008
38.0539340973
1066.27784991
429.741466045
352.818211079
79.3579528332
270.223652124
746.249627113
383.627730846
690.22437501
252.051594019
98.2561929226
216.145203114
110.903440952
254.22235918
