7201.1
7201.2
7201.3
7201.4
147.431257963
155.528414965
458.460079908
2499.85066295
1246.51631403
1058.7167151
1920.41584992
649.152045965
483.656096935
6807.72385406
5786.62834382
6645.33961391
502.747235775
1630.00237393
5836.74742508
1228.49487185
6030.62752104
1098.51218796
3616.56823301
152.512888908
1410.15419602
5500.37213802
4351.69118524
3854.82680798
1811.69736099
164.537356853
325.249620914
149.44767499
1121.79504991
504.644232035
1609.09970903
1474.19142008
4993.74401093
944.964198112
3557.49534512
2358.47748303
3248.2403748
167.478523016
3935.67979908
1145.21726799
3769.95790505
5002.98912621
312.55214715
3439.53304887
4389.57970214
3912.70682812
295.94145298
597.058666945
766.67475009
146.720358133
1309.50228691
