1067.48790312
1425.57044911
2357.69757891
553.249089003
2176.44824815
611.697060108
312.227869034
483.265752792
156.216595888
330.063788891
573.437849045
162.381644011
362.034320831
869.454069853
389.94698
2157.97393894
116.108536005
1361.09731388
968.365012884
867.311892986
158.766293049
3731.17505789
207.355087996
298.688807011
554.854447126
1014.24850202
187.418573141
1222.65772295
1298.74685311
1714.44061112
418.628726959
123.478564024
2318.49375105
1113.63547802
1131.56241608
1835.03119612
372.712869883
752.79360795
633.025151014
52.9140360355
339.705575943
197.915028095
390.539105892
1050.57492805
226.590265036
960.665511847
4402.639081
530.716008902
3040.35685301
2374.45895219
55.4675729275
206.077574968
