48.3693549633
122.25842309
175.288472176
192.39391017
64.4353058338
175.041527987
15.0813379288
218.780727863
27.8962728977
77.7596769333
106.610980988
158.118991137
12.7815730572
100.432583809
187.211266994
38.253798008
64.6051130295
51.04428792
74.7312428951
49.4448778629
145.347227097
92.2229158878
38.8059201241
114.319113016
113.027386904
45.3208789825
84.5789310932
11.2701218128
298.583604813
127.980518103
23.5579521656
38.998789072
65.4737949371
57.0609190464
17.2441439629
111.924359798
48.8641018867
149.846692085
228.206619024
68.2390651703
31.1096050739
49.905520916
39.9876260757
102.304203987
210.947358847
122.722755194
100.826122046
47.5272209644
192.029889107
48.398319006
47.6437819004
40.0336201191
43.5131158829
76.6208000183
122.588654995
150.488132954
11.3734171391
14.8164110184
93.1064999104
