16.6998100281
4.86182904243
12.4897148609
31.5794949532
9.68532395363
45.6060760021
14.6300930977
7.46729397774
17.8400571346
8.25997519493
11.8973100185
4.06981086731
40.6301450729
5.91102194786
37.0970687866
34.867208004
14.5460381508
5.89698004723
58.8621327877
4.61357784271
44.2582769394
77.476115942
66.4163889885
42.9939858913
157.180114985
5.86354494095
21.9274020195
54.6928758621
16.7263691425
57.8280658722
10.858435154
65.1464340687
28.3211610317
14.4183299541
59.081223011
51.749835968
14.6142411232
56.4994359016
94.8193490505
5.79789400101
76.007445097
62.1143119335
72.1789700985
44.6499810219
7.89338612556
51.8715040684
41.6589839458
10.7066140175
31.1186890602
31.9684240818
12.42730093
5.49957609177
6.14452600479
30.6250460148
