117.659983158
845.829719067
90.5894570351
24.1894481182
957.419625044
531.960349083
296.229728937
127.535145044
26.7046949863
209.282613039
1506.57678819
135.250017166
91.1665418148
105.517755985
162.317591906
1079.67900801
419.923372984
142.240182161
75.4490339756
176.736552
302.106238127
261.578959942
37.2881839275
162.110975027
93.7957689762
535.057888031
237.817540169
28.468776226
447.347285032
362.886070013
24.509567976
237.477469921
29.6296410561
26.5677978992
261.364666939
149.237576962
335.001468182
438.356481075
104.542401075
501.710543871
105.434080124
284.514070034
333.108696938
203.980089188
26.7599709034
88.1539549828
194.507716894
25.9870390892
28.7193741798
27.2893249989
95.8950049877
157.371382952
349.178437948
269.355295897
25.2907660007
125.640684128
120.034148932
153.695417881
190.241936922
331.468230009
622.673819065
53.6113359928
33.3232829571
1114.22269988
207.924352884
347.294774055
24.0807240009
562.83347702
25.1734039783
60.3312110901
240.873898983
193.811170101
324.207654953
91.4542450905
166.137452126
59.0770590305
107.689753056
