3.12166595459
22.766988039
3.30886411667
21.2838289738
10.5639960766
2.07758116722
13.9914479256
8.00038385391
11.0018668175
26.471198082
9.50894093513
4.20716786385
4.98735904694
2.28345298767
6.36479187012
27.359637022
1.91338014603
1.83529520035
5.48457884789
15.8969311714
1.75639486313
6.14566898346
2.84261894226
31.6163020134
12.6885528564
2.36653089523
12.2738208771
7.16410207748
2.01972794533
15.16355896
10.8387289047
2.83046293259
6.05516886711
3.18489408493
2.53339505196
15.4886820316
15.6915538311
6.95723199844
14.8610501289
2.16880011559
