7201.1
906.027911901
3043.96549797
6185.35489392
3882.95325208
191.94098115
1382.67901707
596.16670084
617.155750036
99.8748939037
196.725862026
3474.11538005
1164.57960701
953.706485987
4401.25650191
1316.18143082
1266.44363999
3585.37968302
1248.29072094
2435.20131016
3527.04097009
2879.68391395
286.445976019
580.616854906
1388.48122907
4324.19728303
410.90350008
769.924710989
2718.87288785
2562.90128899
5862.20476294
4100.11634803
526.718860865
870.959997892
4714.69255614
1663.19033098
1794.52856898
3139.0621469
1242.88926697
2592.48243594
5905.20219088
1181.14083314
1708.82782888
283.470642805
329.463937044
5125.92385817
1439.27571106
6598.6522131
2788.02312613
2039.5992291
